1405
1364
1405
1405
1308
1308
1408
1375
1375
1375
1421
1335
1282
1282
1282
1282
1401
1401
1343
1297
1297
1297
1364
1364
1329
1329
1329
1329
1329
1329
1329
1379
1390
1348
1348
1358
1403
1397
1347
1347
1296
1388
1264
1259
1259
1259
1259
1259
1259
1259
1259
1259
1259
1259
1259
1348
1348
1343
1343
1343
1365
1410
1410
1404
1399
1298
1398
1337
1396
1396
1414
1279
1279
1445
1363
1400
1409
1352
1248
1248
1248
1248
1368
1368
1395
1364
1415
1335
1365
1412
1412
1357
1357
1426
1272
1272
1272
1272
1272
1272
1272
1355
1355
1355
1374
1320
1456
1445
1407
1225
1234
1234
1234
1234
1234
1234
1234
1349
1467
1259
1259
1346
1360
1418
1381
1265
1265
1265
1265
1310
1380
1313
1450
1411
1411
1283
1283
1392
1280
1280
1375
1375
1301
1382
1304
1389
1320
1336
1336
1336
1336
1429
1429
1421
1314
1293
1293
1293
1293
1293
1293
1349
1349
1349
1340
1354
1354
1325
1309
1309
1309
1309
1309
1309
1309
1309
1220
1220
1220
1220
1220
1220
1220
1220
1220
1220
1220
1220
1376
1391
1345
1384
1414
1375
1313
1455
1412
1450
1299
1299
1299
1299
1356
1376
1376
1334
1336
1333
1333
1333
1330
1330
1429
1404
1308
1308
1308
1281
1281
1281
1281
1281
1358
1358
1211
1211
1211
1211
1211
1211
1211
1211
1211
1211
1211
1211
1211
1211
1211
1211
1211
1387
1387
1209
1209
1209
1209
1209
1209
1209
1353
1353
1353
1353
1340
1322
1322
1322
1434
1280
1280
1340
1272
1291
1287
1291
1291
1291
1291
1291
1291
1291
1291
1291
1291
1350
1350
1358
1357
1368
1368
1368
1368
1309
1309
1309
1309
1309
1380
1312
1391
1411
1411
1411
1411
1247
1247
1247
1351
1392
1402
1274
1411
1411
1355
1292
1292
1292
1292
1292
1354
1354
1369
1369
1306
1331
1331
1350
1350
1298
1298
1298
1381
1355
1355
1273
1273
1273
1382
1382
1382
1405
1298
1330
1330
1330
1330
1330
1330
1330
1330
1347
1338
1338
1394
1394
1394
1394
1321
1321
1345
1344
1334
1334
1334
1334
1288
1339
1339
1339
1339
1339
1339
1339
1422
1482
1449
1314
1378
1378
1378
1378
1326
1315
1315
1315
1315
1355
1355
1355
1355
1355
1418
1418
1309
1309
1309
1333
1333
1333
1279
1401
1401
1401
1401
1401
1387
1412
1412
1412
1412
1302
1305
1305
1512
1365
1365
1365
1365
1365
1320
1305
1305
1305
1366
1366
1341
1332
1332
1332
1332
1330
1294
1294
1294
1294
1294
1294
1294
1294
1297
1391
1359
1292
1292
1292
1292
1311
1311
1311
1311
1311
1311
1311
1311
1311
1312
1312
1312
1312
1312
1415
1415
1398
1280
1280
1280
1280
1280
1280
1280
1280
1299
1299
1299
1299
1299
1335
1335
1430
1409
1330
1330
1361
1331
1414
1414
1414
1328
1312
1335
1351
1376
10006
1365
1357
1357
1357
1339
1315
1410
1305
1305
1302
1302
1302
1302
1302
1302
1371
1319
1319
1319
1319
1347
1347
1347
1347
1347
1347
1243
1243
1243
1243
1243
1243
1243
1243
1243
1243
1243
1396
1358
1373
1413
1351
1351
1374
1405
1405
1405
1353
1330
1313
1313
1313
1313
1313
1331
1331
1331
1331
1331
1312
1312
1312
1312
1312
1312
1356
1245
1245
1245
1245
1245
1245
1245
1384
1384
1439
1367
1356
1347
1404
1283
1283
1283
1283
1314
1324
1367
1367
1367
1269
1269
1356
1274
1274
1274
1338
1338
1338
1338
1338
1348
1418
1331
1331
1331
1321
1321
1321
1321
1442
1297
1297
1297
1343
1409
1412
1393
1393
1353
1369
1546
1416
1288
1288
1288
1288
1288
1357
1400
1362
1216
1216
1216
1216
1216
1216
1216
1216
1216
1216
1275
1275
1275
1275
1369
1336
1384
1298
1444
1342
1336
1336
1336
1220
1220
1220
1220
1220
1220
1220
1220
1220
1220
1220
1220
1220
1220
1220
1220
1220
1258
1258
1384
1384
1312
1315
1289
1289
1289
1289
1314
1437
1234
1302
1454
1329
1332
1332
1332
1332
1332
1332
1274
1315
1315
1315
1315
1282
1282
1287
1287
1287
1287
1271
1271
1271
1271
1271
1271
1271
1319
1415
1422
1313
1313
1313
1313
1313
1300
1300
1300
1396
1411
1411
1353
1322
1320
1320
1238
1314
1314
1314
1314
1341
1341
1341
1301
1301
1301
1283
1319
1319
1319
1319
1465
1429
1427
1327
1381
1462
1404
1451
1443
1443
1337
1337
1337
1325
1325
1325
1325
1325
1325
1325
1325
1373
1373
1431
1373
1373
1304
1435
1459
1399
1263
1263
1263
1263
1397
1262
1286
1286
1286
1286
1372
1371
1369
1384
1391
1338
1338
1314
1383
1383
1383
1441
1338
1338
1338
1287
1307
1256
1256
1256
1256
1256
1256
1240
1240
1240
1240
1299
1299
1299
1299
1299
1299
1299
1287
1287
1319
1327
1327
1327
1339
1343
1378
1314
1314
1314
1347
1347
1395
1343
1343
1396
1396
1354
1304
1304
1304
1265
1265
1267
1267
1267
1267
1267
1267
1267
1267
1397
1397
1283
1339
1339
1336
1253
1253
1253
1297
1297
1297
1297
1297
1297
1297
1297
1297
1383
1372
1310
1404
1211
1211
1211
1211
1211
1211
1269
1485
1485
1441
1441
1441
1306
1275
1446
1446
1332
1327
1340
1406
1304
1304
1304
1304
1304
1304
1386
1281
1281
1281
1384
1384
1448
1384
1384
1344
1332
1419
1419
1203
1270
1270
1454
1334
1334
1401
1362
1392
1392
1345
1345
1289
1289
1289
1289
1550
1391
1342
1328
1328
1328
1328
1328
1402
1402
1402
1280
1280
1225
1225
1225
1225
1225
1225
1225
1225
1225
1304
1304
1304
1304
1321
1409
1363
1363
1293
1317
1419
1306
1306
1306
1306
1306
1306
1381
1287
1338
1394
1368
1340
1340
1310
1310
1330
1286
1286
1266
1266
1336
1336
1373
1373
1380
1352
1381
1360
1360
1338
1344
1344
1344
1232
1318
1309
1434
1456
1341
1346
1463
1463
1388
1388
1388
1472
1349
1349
1349
1349
1349
1426
1315
1411
1411
1357
1323
1323
1368
1368
1502
1374
1374
1374
1395
1413
1322
1391
1391
1445
1410
1410
1420
1420
1360
1477
1351
1297
1297
1390
1403
1403
1267
1267
1267
1267
1267
1267
1436
1268
1268
1268
1268
1268
1268
1320
1323
1332
1332
1281
1281
1281
1240
1240
1240
1352
1352
1352
1352
1352
1351
1351
1351
1430
1430
1320
1348
1348
1348
1348
1403
1361
1477
1381
1343
1414
1414
1339
1363
1342
1380
1399
1416
1416
1422
1391
1391
1334
1291
1291
1291
1291
1291
1279
1279
1279
1279
1279
1279
1279
1344
1344
1344
1344
1361
1423
1423
1359
1359
1286
1448
1397
1282
1282
1378
1371
1258
1386
1335
1335
1295
1295
1355
1206
1206
1275
1331
1227
1227
1227
1227
1276
1393
1465
1363
1370
1265
1265
1265
1265
1265
1265
1265
1377
1355
1371
1361
1343
1343
1301
1301
1301
1301
1412
1370
1333
1333
1403
1340
1340
1340
1432
1432
1432
1340
1254
1254
1321
1321
1321
1400
1530
1320
1320
1366
1508
1387
1387
1308
1309
1377
1334
1317
1346
1346
1346
1346
1338
1321
1353
1356
1283
1283
1283
1385
1362
1332
1383
1375
1355
1355
1421
1384
1268
1268
1268
1356
1357
1357
1357
1357
1254
1360
1263
1263
1263
1263
1263
1263
1317
1289
1289
1337
1337
1340
1345
1319
1319
1319
1385
1284
1284
1284
1284
1308
1308
1308
1308
1308
1308
1354
1379
1379
1379
1381
1381
1381
1399
1478
1393
1395
1337
1305
1383
1434
1434
1368
1259
1259
1259
1399
1269
1269
1269
1269
1269
1338
1338
1338
1376
1366
1301
1301
1383
1383
1381
1281
1285
1285
1285
1285
1373
1373
1373
1373
1353
1366
1317
1317
1328
1392
1247
1399
1357
1357
1302
1302
1307
1307
1307
1307
1307
1307
1307
1307
1307
1307
1307
1307
1307
1328
1328
1328
1328
1328
1344
1344
1406
1406
1406
1474
1380
1422
1423
1406
1297
1297
1381
1375
1466
1330
1330
1287
1287
1382
1382
1401
1366
1282
1282
1282
1282
1282
1427
1290
1305
1305
1305
1305
1305
1307
1307
1283
1283
1283
1283
1283
1395
1332
1329
1329
1374
1310
1270
1270
1391
1435
1435
1315
1315
1283
1385
1468
1382
1332
1332
1419
1337
1270
1270
1215
1410
1410
1335
1335
1335
1335
1372
1297
1297
1352
1398
1398
1357
1331
1344
1235
1235
1235
1235
1235
1356
1339
1438
1335
1339
1339
1339
1276
1276
1276
1276
1407
1349
1349
1349
1383
1383
1275
1275
1344
1344
1344
1344
1262
1262
1291
1382
1361
1358
1346
1302
1302
1302
1302
1302
1397
1344
1344
1486
1326
1326
1336
1357
1357
1471
1402
1402
1272
1374
1295
1295
1295
1382
1318
1318
1318
1318
1318
1378
1184
1184
1184
1184
1184
1184
1184
1233
1233
1233
1233
1233
1233
1233
1233
1233
1233
1233
1233
1233
1233
1233
1233
1233
1318
1318
1318
1318
1283
1283
1335
1335
1305
1305
1305
1305
1439
1439
1307
1405
1405
1343
1403
1403
1403
1375
1381
1239
1239
1380
1380
1301
1301
1301
1301
1301
1491
1314
1342
1310
1310
1416
1369
1383
1383
1277
1277
1277
1277
1277
1344
1370
1217
1217
1217
1217
1430
1364
1364
1388
1400
1447
1394
1394
1266
1266
1276
1276
1276
1276
1276
1276
1276
1276
1276
1276
1276
1276
1276
1276
1278
1278
1278
1278
1278
1278
1458
1320
1320
1309
1309
1309
1309
1282
1282
1282
1264
1264
1275
1275
1275
1434
1289
1441
1272
1272
1272
1272
1272
1272
1272
1272
1288
1288
1469
1341
1350
1350
1372
1372
1394
1390
1417
1357
1333
1333
1290
1476
1406
1362
1362
1362
1416
1365
1419
1318
1318
1318
1338
1338
1338
1338
1338
1338
1338
1346
1346
1399
1408
1337
1449
1337
1337
1301
1276
1276
1276
1276
1276
1276
1355
1325
1325
1278
1278
1278
1278
1278
1278
1411
1292
1292
1292
1292
1292
1292
1292
1381
1323
1347
1230
1230
1230
1230
1230
1230
1262
1262
1361
1361
1424
1424
1300
1300
1402
1402
1374
1361
1362
1362
1328
1230
1230
1230
1230
1230
1230
1230
1230
1230
1230
1230
1230
1230
1230
1230
1230
1230
1230
1230
1230
1230
1408
1450
1470
1339
1339
1339
1250
1331
1331
1316
1316
1316
1318
1464
1432
1284
1284
1284
1387
1317
1361
1361
1361
1350
1498
1464
1290
1290
1386
1386
1241
1241
1241
1241
1410
1368
1368
1409
1313
1313
1313
1313
1313
1313
1313
1403
1403
1390
1357
1357
1357
1357
1357
1303
1303
1398
1369
1369
1376
1376
1419
1322
1322
1302
1302
1302
1340
1438
1387
1342
1419
1256
1256
1256
1256
1323
1262
1262
1262
1353
1447
1420
1303
1260
1260
1260
1260
1260
1260
1260
1569
1452
1331
1238
1238
1238
1238
1238
1238
1238
1238
1238
1238
1345
1345
1379
1379
1351
1351
1460
1384
1325
1385
1385
1386
1365
1240
1240
1240
1240
1240
1240
1240
1367
1367
1381
1452
1346
1346
1291
1291
1291
1291
1291
1291
1291
1437
1334
1334
1371
1350
1244
1244
1244
1345
1345
1345
1303
1200
1368
1368
1441
1441
1400
1422
1290
1335
1323
1241
1365
1377
1377
1377
1333
1333
1333
1374
1317
1317
1266
1266
1387
1435
1408
1403
1346
1267
1267
1267
1268
1268
1268
1327
1327
1327
1327
1327
1327
1327
1285
1285
1285
1353
1353
1450
1459
1429
1404
1293
1293
1293
1363
1418
1418
1327
1238
1238
1238
1238
1238
1339
1336
1336
1336
1336
1336
1336
1481
1311
1311
1311
1311
1311
1311
1311
1358
1409
1456
1370
1524
1332
1332
1403
1349
1316
1316
1316
1316
1316
1316
1316
1316
1316
1392
1447
1377
1373
1474
1409
1363
1363
1339
1339
1332
1332
1332
1332
1332
1287
1336
1336
1389
1267
1267
1267
1291
1361
1361
1361
1398
1454
1397
1478
1307
1307
1437
1316
1316
1323
1437
1339
1279
1274
1274
1274
1274
1274
1530
1530
1409
1409
1409
1357
1373
1376
1437
1391
1316
1363
1381
1381
10016
