2384
2321
2271
2271
2445
2310
2305
2305
2305
2305
2305
2318
2371
2205
2205
2205
2244
2244
2244
2339
2339
2339
2321
2321
2321
2303
2232
2232
2327
2238
2238
2238
2238
2429
2228
2228
2264
2306
2253
2253
2253
2299
2299
2299
2299
2299
2299
2299
2266
2266
2266
2266
2266
2337
2391
2154
2154
2298
2298
2295
2295
2374
2374
2301
2301
2301
2420
2223
2303
2303
2343
2163
2163
2310
2310
2310
2271
2269
2269
2269
2269
2269
2401
2260
2207
2207
2207
2297
2344
2245
2245
2245
2187
2333
2333
2333
2362
2362
2298
2298
2298
2298
2298
2149
2149
2149
2381
2381
2288
2342
2244
2244
2244
2244
2244
2244
2244
2284
2214
2214
2214
2297
2297
2297
2158
2158
2158
2158
2158
2158
2158
2146
2365
2261
2190
2190
2190
2190
2190
2190
2190
2190
2190
2189
2189
2162
2242
2395
2279
2279
2279
2311
2311
2347
2328
2351
2408
2349
2349
2349
2349
2234
2234
2234
2234
2234
2234
2234
2234
2234
2234
2234
2234
2234
2247
2247
2247
2293
2293
2353
2353
2353
2333
2333
2361
2264
2264
2264
2264
2273
2331
2384
2397
2255
2346
2208
2313
2353
2353
2268
2268
2268
2268
2275
2275
2258
2266
2266
2374
2374
2211
2232
2232
2232
2232
2252
2284
2284
2217
2217
2217
2217
2217
2217
2217
2217
2217
2217
2273
2273
2273
2293
2293
2131
2131
2131
2131
2131
2131
2131
2131
2359
2218
2218
2218
2218
2200
2241
2260
2260
2260
2260
2260
2260
2260
2260
2260
2260
2260
2260
2260
2377
2365
2430
2295
2313
2313
2313
2277
2277
2277
2302
2302
2358
2408
2354
2354
2282
2275
2245
2245
2245
2245
2245
2275
2275
2274
2296
2212
2212
2212
2212
2212
2212
2212
2212
2212
2212
2212
2212
2363
2359
2335
2335
2176
2176
2176
2176
2176
2156
2334
2334
2226
2226
2251
2301
2301
2285
2285
2311
2352
2206
2220
2220
2211
2211
2211
2211
2391
2391
2269
2269
2269
2269
2269
2269
2269
2269
2235
2235
2235
2235
2235
2235
2235
2235
2235
2235
2235
2235
2252
2252
2325
2325
2302
2421
2433
2235
2325
2325
2325
2233
2233
2233
2233
2233
2233
2233
2342
2342
2342
2278
2278
2278
2278
2278
2218
2271
2347
2253
2368
2253
2253
2253
2253
2253
2253
2201
2201
2201
2201
2201
2201
2201
2325
2325
2325
2222
2326
2326
2254
2254
2233
2233
2258
2258
2258
2258
2222
2222
2222
2319
2319
2319
2340
2250
2250
2290
2290
2290
2323
2325
2364
2211
2211
2211
2231
2231
2231
2231
2353
2353
2348
2381
2381
2321
2321
2283
2283
2283
2283
2424
2440
2269
2269
2301
2212
2212
2212
2247
2247
2319
2287
2287
2287
2287
2287
2287
2287
2287
2287
2287
2337
2371
2295
2295
2295
2376
2281
2286
2423
2285
2256
2284
2284
2289
2289
2289
2228
2380
2311
2311
2207
10016
2326
2307
2307
2307
2307
2307
2232
2232
2230
2313
2313
2235
2337
2210
2210
2210
2210
2210
2210
2256
2319
2319
2319
2363
2363
2218
2304
2256
2256
2256
2256
2256
2256
2249
2249
2249
2249
2279
2320
2280
2337
2337
2153
2153
2153
2153
2153
2349
2329
2312
2258
2258
2258
2258
2307
2307
2307
2243
2243
2243
2243
2243
2289
2210
2210
2280
2280
2280
2330
2340
2235
2235
2235
2419
2419
2389
2344
2268
2268
2268
2268
2268
2268
2286
2317
2295
2419
2250
2250
2293
2253
2263
2360
2312
2312
2312
2312
2265
2265
2265
2265
2265
2265
2265
2268
2377
2377
2377
2277
2273
2300
2387
2315
2359
2189
2189
2189
2189
2249
2249
2314
2314
2260
2260
2260
2260
2260
2260
2260
2283
2283
2283
2283
2283
2332
2265
2265
2364
2364
2213
2213
2213
2213
2213
2217
2217
2217
2217
2221
2221
2221
2262
2316
2300
2284
2284
2284
2284
2243
2243
2243
2243
2274
2274
2274
2286
2297
2297
2235
2235
2222
2222
2283
2283
2250
2319
2384
2233
2233
2233
2233
2268
2268
2305
2367
2242
2242
2242
2242
2242
2293
2293
2276
2276
2276
2276
2293
2293
2264
2264
2264
2264
2264
2264
2330
2207
2207
2211
2211
2211
2211
2211
2211
2211
2211
2211
2211
2211
2211
2211
2211
2270
2270
2270
2270
2270
2270
2270
2270
2240
2240
2366
2366
2415
2321
2302
2301
2301
2301
2311
2310
2310
2310
2259
2259
2259
2259
2259
2225
2225
2225
2315
2315
2315
2344
2170
2170
2170
2170
2170
2170
2170
2170
2170
2170
2170
2170
2170
2170
2170
2375
2491
2431
2381
2336
2241
2273
2232
2335
2207
2207
2207
2207
2207
2256
2256
2256
2256
2303
2303
2357
2292
2352
2352
2152
2152
2152
2152
2152
2373
2343
2182
2182
2182
2182
2182
2182
2182
2182
2182
2182
2392
2272
2236
2236
2236
2236
2236
2236
2236
2270
2430
2347
2346
2331
2263
2361
2292
2241
2241
2241
2241
2358
2239
2239
2320
2320
2320
2413
2313
2288
2288
2288
2288
2272
2272
2272
2272
2416
2335
2335
2247
2247
2247
2286
2319
2292
2292
2354
2354
2278
2278
2240
2218
2218
2218
2218
2218
2218
2218
2218
2225
2245
2245
2252
2252
2252
2252
2303
2261
2350
2280
2386
2316
2293
2193
2193
2303
2303
2303
2284
2309
2317
2267
2267
2267
2267
2407
2363
2354
2354
2283
2283
2283
2166
2166
2166
2166
2166
2166
2166
2166
2166
2191
2191
2274
2345
2310
2229
2229
2229
2251
2267
2267
2267
2246
2246
2244
2273
2273
2216
2335
2238
2238
2238
2238
2215
2215
2215
2232
2232
2232
2232
2232
2232
2232
2232
2232
2232
2232
2409
2300
2300
2360
2394
2270
2469
2347
2347
2347
2345
2372
2239
2239
2239
2239
2239
2342
2342
2347
2326
2326
2326
2286
2166
2166
2297
2297
2245
2324
2293
2293
2294
2349
2349
2200
2200
2200
2200
2200
2200
2200
2200
2200
2333
2195
2195
2263
2263
2263
2263
2263
2263
2263
2263
2263
2263
2263
2331
2359
2329
2329
2260
2291
2168
2168
2168
2168
2244
2244
2244
2247
2247
2165
2165
2270
2270
2270
2200
2431
2217
2217
2217
2217
2217
2217
2362
2428
2273
2273
2272
2402
2402
2295
2295
2295
2295
2347
2347
2379
2379
2379
2258
2266
2384
2291
2317
2365
2194
2194
2364
2382
2443
2443
2195
2195
2417
2317
2317
2317
2317
2317
2317
2317
2382
2382
2382
2318
2308
2234
2234
2234
2234
2408
2564
2347
2347
2347
2257
2257
2257
2257
2208
2208
2208
2208
2208
2208
2208
2208
2208
2208
2208
2208
2374
2235
2235
2235
2235
2235
2235
2291
2326
2281
2281
2281
2281
2281
2281
2281
2281
2370
2322
2322
2233
2233
2233
2233
2233
2233
2233
2342
2343
2370
2336
2375
2328
2328
2315
2315
2254
2254
2254
2334
2388
2457
2226
2226
2226
2296
2281
2281
2281
2281
2246
2246
2246
2467
2357
2402
2318
2318
2318
2318
2485
2250
2250
2250
2250
2396
2362
2163
2303
2303
2227
2227
2227
2227
2379
2281
2281
2331
2369
2408
2133
2336
2259
2259
2259
2311
2322
2150
2150
2397
2233
2251
2251
2251
2295
2361
2394
2406
2346
2239
2287
2292
2398
2245
2245
2245
2308
2308
2339
2253
2264
2343
2232
2232
2415
2218
2218
2218
2218
2218
2319
2271
2271
2271
2271
2271
2334
2274
2218
2321
2321
2279
2279
2227
2227
2227
2227
2364
2289
2289
2186
2186
2186
2186
2186
2186
2186
2343
2343
2343
2343
2363
2270
2374
2374
2250
2250
2250
2250
2250
2305
2457
2314
2329
2329
2329
2294
2365
2501
2289
2323
2323
2310
2447
2350
2177
2262
2262
2262
2294
2456
2302
2390
2390
2212
2212
2212
2212
2212
2212
2212
2212
2253
2369
2369
2278
2276
2276
2276
2335
2279
2279
2274
2274
2274
2274
2274
2274
2274
2274
2274
2274
2274
2274
2366
2293
2293
2293
2404
2230
2230
2230
2230
2230
2230
2230
2211
2183
2318
2399
2399
2279
2235
2235
2234
2187
2187
2187
2187
2394
2259
2259
2259
2259
2259
2259
2259
2259
2259
2240
2240
2290
2290
2290
2260
2260
2218
2312
2280
2396
2269
2269
2269
2269
2309
2238
2174
2174
2434
2340
2340
2284
2232
2159
2159
2159
2159
2159
2159
2159
2159
2312
2376
2307
2307
2268
2268
2434
2335
2335
2315
2315
2315
2315
2297
2297
2242
2367
2462
2321
2321
2259
2259
2197
2197
2197
2197
2197
2428
2302
2285
2285
2351
2292
2292
2413
2323
2275
2275
2275
10031
2386
2177
2177
2177
2268
2268
2268
2298
2303
2303
2356
2267
2305
2332
2285
2175
2175
2271
2271
2271
2271
2271
2271
2313
2313
2324
2349
2349
2349
2349
2276
2276
2175
2175
2175
2304
2416
2416
2290
2232
2232
2232
2232
2232
2232
2232
2232
2139
2139
2139
2139
2139
2139
2139
2139
2139
2139
2139
2139
2139
2139
2139
2139
2139
2139
2139
2139
2139
2139
2139
2139
2139
2139
2139
2350
2329
2244
2244
2244
2383
2383
2375
2327
2319
2407
2440
2442
2280
2346
2307
2307
2384
2298
2241
2241
2241
2241
2241
2241
2241
2241
2241
2179
2179
2179
2179
2179
2285
2213
2213
2248
2248
2307
2307
2307
2321
2286
2438
2344
2305
2305
2305
2370
2330
2330
2330
2262
2262
2262
2262
2207
2207
2447
2447
2421
2354
2381
2443
2376
2218
2218
2218
2218
2218
2285
2285
2258
2391
2346
2332
2332
2383
2237
2237
2338
2232
2232
2232
2232
2232
2232
2174
2174
2174
2174
2174
2174
2317
2317
2424
2234
2234
2234
2234
2267
2267
2267
2267
2267
2267
2289
2289
2266
2266
2312
2263
2339
2339
2343
2375
2352
2352
2290
2296
2323
2323
2335
2318
2280
2280
2279
2192
2192
2336
2254
2254
2254
2210
2210
2210
2210
2243
2243
2397
2397
2387
2369
2281
2281
2281
2281
2272
2272
2272
2355
2355
2355
2355
2485
2302
2302
2161
2161
2161
2342
2294
2305
2349
2349
2210
2210
2210
2210
2349
2349
2366
2171
2171
2302
2302
2390
2390
2331
2331
2439
2341
2341
2341
2163
2163
2364
2240
2386
2374
2353
2345
2294
2257
2257
2257
2361
2216
2216
2216
2216
2216
2216
2216
2216
2216
2216
2216
2216
2216
2216
2216
2216
2216
2216
2216
2216
2216
2216
2216
2216
2216
2216
2216
2216
2216
2344
2246
2246
2246
2246
2246
2246
2331
2354
2357
2357
2220
2220
2220
2220
2406
2422
2184
2184
2184
2184
2184
2278
2278
2310
2362
2299
2404
2379
2271
2271
2271
2271
2338
2372
2444
2444
2436
2321
2321
2257
2257
2257
2330
2330
2330
2401
2308
2225
2225
2225
2272
2272
2272
2299
2288
2322
2274
2274
2236
2311
2312
2241
2306
2306
2356
2356
2219
2314
2243
2243
2243
2243
2316
2286
2286
2311
2278
2394
2270
2464
2230
2230
2230
2230
2230
2230
2230
2230
2230
2230
2421
2363
2363
2342
2342
2342
2277
2277
2277
2263
2263
2327
2231
2435
2435
2297
2287
2224
2224
2224
2224
2224
2413
2275
2275
2407
2174
2174
2174
2174
2174
2174
2174
2174
2284
2288
2288
2461
2389
2323
2243
2335
2456
2456
2243
2243
2286
2286
2278
2415
2254
2346
2245
2256
2249
2249
2386
2255
2255
2255
2255
2255
2389
2469
2374
2374
2290
2322
2275
2275
2275
2301
2218
2218
2218
2218
2489
2246
2246
2284
2284
2284
2284
2284
2391
2391
2265
2265
2265
2288
2288
2258
2301
2301
2301
2301
2338
2282
2282
2282
2282
2280
2280
2280
2280
2280
2280
2352
2334
2334
2334
2290
2290
2290
2373
2373
2424
2314
2341
2201
2201
2201
2201
2306
2283
2264
2319
2468
2357
2285
2285
2285
2285
2285
2285
2285
2285
2285
2272
2272
2211
2377
2257
2263
2357
2285
2277
2404
2427
2387
2271
2301
2365
2308
2308
2308
2260
2217
2217
2217
2325
2325
2325
2339
2263
2263
2364
2422
2300
2300
2300
2350
2207
2207
2207
2207
2275
2240
2330
2330
2330
2296
2309
2420
2292
2292
2186
2186
2186
2186
2186
2354
2249
2249
2249
2368
2387
2298
10106
