1381
1445
1351
1398
1404
1261
1393
1292
1454
1350
1353
1376
1388
1375
1481
1503
1320
1322
1313
1299
1361
1319
1415
1268
1301
1432
1278
1348
1520
1395
1354
1482
1519
1421
1372
1309
1324
1423
1308
1248
1533
1385
1466
1362
1383
1271
1225
1390
1311
1350
1383
1356
1400
1273
1335
1331
1441
1271
1340
1298
1454
1472
1288
1327
1388
1368
1436
1408
1457
1371
1380
1368
1368
1265
1551
1296
1478
1363
1391
1289
1420
1344
1396
1399
1266
1245
1332
1319
1403
1338
1366
1460
1300
1436
1334
1365
1436
1417
1449
1438
1336
1349
1340
1363
1423
1406
1274
1318
1365
1340
1374
1342
1410
1401
1328
1262
1374
1364
1380
1239
1320
1378
1432
1414
1229
1323
1527
1308
1348
1374
1385
1268
1363
1278
1417
1354
1264
1330
1310
1319
1345
1347
1362
1363
1300
1487
1434
1366
1456
1464
1297
1466
1407
1357
1384
1334
1278
1436
1332
1427
1417
1307
1453
1539
1460
1262
1316
1406
1356
1321
1359
1464
1359
1384
1342
1475
1273
1444
1267
1292
1337
1391
1399
1263
1337
1312
1442
1270
1308
1388
1358
1343
1348
1361
1322
1373
1348
1320
1355
1302
1395
1327
1306
1377
1361
1366
1333
1361
1373
1314
1325
1325
1348
1312
1439
1350
1398
1402
1318
1298
1399
1316
1309
1485
1375
1409
1327
1299
1338
1248
1300
1336
1395
1245
1431
1393
1280
1299
1359
1302
1242
1413
1425
1349
1269
1374
1260
1349
1513
1333
1420
1421
1359
1381
1438
1422
1349
1436
1426
1291
1256
1307
1364
1433
1362
1313
1350
1290
1380
1370
1415
1352
1391
1350
1397
1471
1339
1416
1454
1413
1384
1443
1377
1332
1468
1215
1325
1439
1272
1273
1373
1368
1394
1293
1332
1285
1510
1302
1329
1365
1431
1333
1365
1331
1355
1384
1264
1260
1316
1300
1362
1303
1291
1436
1335
1475
1280
1435
1347
1346
1344
1236
1275
1350
1288
1369
1412
1310
1425
1435
1277
1413
1390
1349
1348
1376
1305
1355
1478
1329
1325
1326
1313
1403
1314
1440
1401
1408
1616
1343
1280
1372
1320
1332
1397
1508
1389
1269
1389
1287
1321
1413
1346
1277
1329
1307
1264
1413
1327
1291
1368
1281
1339
1339
1378
1326
1293
1243
1427
1261
1328
1343
1405
1566
1352
1362
1366
1393
1281
1426
1293
1426
1353
1409
1286
1386
1374
1271
1337
1420
1420
1443
1499
1332
1431
1317
1246
1240
1329
1390
1295
1334
1316
1356
1399
1419
1347
1334
1388
1464
1382
1368
1541
1404
1430
1345
1380
1333
1331
1304
1328
1364
1397
1364
1427
1418
1408
1405
1390
1320
1430
1335
1333
1406
1493
1322
1406
1313
1284
1379
1309
1248
1380
1312
1451
1378
1304
1258
1288
1307
1323
1358
1467
1320
1290
1367
1412
1389
1480
1355
1358
1438
1262
1366
1392
1355
1423
1353
1360
1372
1277
1464
1463
1347
1515
1450
1341
1407
1411
1372
1367
1292
1278
1414
1451
1452
1313
1511
1353
1297
1406
1349
1345
1312
1370
1252
1349
1420
1473
1287
1290
1381
1347
1454
1279
1483
1432
1237
1383
1260
1399
1264
1262
1385
1352
1358
1449
1423
1240
1411
1387
1343
1332
1354
1393
1416
1343
1445
1315
1336
1432
1446
1351
1283
1452
1320
1337
1352
1340
1348
1364
1313
1335
1457
1326
1365
1321
1316
1344
1263
1327
1403
1251
1400
1356
1359
1276
1369
1295
1329
1585
1434
1477
1361
1277
1374
1296
1236
1379
1353
1447
1386
1435
1358
1397
1379
1363
1412
1359
1354
1356
1349
1346
1497
1359
1448
1334
1395
1230
1371
1349
1332
1372
1297
1332
1417
1408
1314
1377
1498
1321
1309
1321
1316
1299
1352
1400
1349
1312
1339
1457
1444
1409
1395
1453
1326
1462
1454
1378
1295
1330
1271
1423
1539
1241
1505
1347
1478
1401
1326
1234
1333
1271
1397
1408
1297
1384
1271
1462
1304
1363
1465
1441
1421
1400
1380
1402
1279
1366
1222
1419
1231
1475
1389
1314
1409
1257
1391
1359
1348
1399
1471
1263
1519
1315
1362
1379
1417
1356
1390
1417
1397
1407
1315
1296
1369
1324
1365
1431
1355
1410
1319
1361
1326
1282
1456
1507
1303
1313
1380
1386
1432
1215
1259
1343
1342
1377
1482
1459
1278
1235
1275
1449
1390
1245
1448
1299
1303
1404
1402
1506
1402
1383
1436
1274
1474
1347
1416
1405
1345
1335
1298
1280
1408
1315
1371
1313
1419
1303
1416
1392
1318
1335
1312
1391
1415
1387
1394
1338
1433
1381
1418
1379
1404
1462
1368
1309
1349
1339
1447
1319
1313
1440
1549
1409
1451
1408
1404
1350
1325
1331
1345
1439
1335
1475
1304
1365
1498
1324
1377
1442
1411
1298
1320
1262
1348
1350
1314
1433
1338
1387
1331
1317
1321
1327
1467
1349
1401
1340
1303
1422
1293
1365
1352
1321
1404
1297
1437
1383
1270
1402
1431
1469
1434
1478
1304
1341
1345
1340
1365
1416
1424
1315
1475
1376
1338
1424
1281
1283
1338
1402
1286
1351
1399
1506
1422
1346
1323
1441
1277
1284
1366
1439
1597
1347
1409
1510
1425
1377
1391
1511
1404
1416
1478
1353
1264
1348
1417
1392
1331
1330
1366
1338
1305
1307
1488
1408
1271
1329
1327
1383
1288
1386
1316
1272
1234
1316
1330
1316
1273
1397
1362
1357
1409
1378
1341
1356
1331
1346
1371
1397
1388
1302
1312
1378
1541
1268
1415
1269
1371
1333
1284
1546
1396
1302
1343
1425
1403
1377
1382
1385
1481
1340
1362
1357
1444
1484
1385
1354
1280
1302
1396
1351
1451
1377
1323
1377
1336
1299
1356
1310
1487
1353
1437
1347
1282
1334
1316
1318
1326
1316
1296
1292
1280
1328
1480
1499
1369
1280
1481
1273
1363
1334
1349
1317
1286
1459
1393
1401
1435
1332
1358
1325
1297
1332
1378
1196
1461
1386
1248
1334
1318
1293
1416
1267
1409
1376
1429
1399
1368
1261
1425
1439
1308
1313
1302
1395
1371
1360
1375
1345
1464
1265
1317
1388
1310
1440
1358
1288
1450
1500
1366
1480
1341
1351
1295
1353
1446
1429
1605
1315
1333
1338
1356
1312
1333
1375
1456
1261
1276
1307
1326
1302
1395
1480
1307
1436
1335
1295
1379
1354
1405
1310
1324
1414
1393
1474
1382
1358
1291
1366
1478
1410
1313
1242
1284
1343
1456
1379
1287
1339
1468
1351
1409
1432
1397
1413
1380
1363
1298
1332
1425
1223
1391
1324
1331
1345
1412
1403
1437
1393
1339
1285
1420
1393
1359
1419
1415
1342
1381
1219
1347
1402
1231
1389
1470
1357
1266
1378
1393
1361
1544
1351
1348
1360
1341
1356
1323
1351
1406
1421
1381
1530
1309
1408
1376
1396
1384
1327
1285
1392
1309
1286
1455
1279
1349
1239
1328
1379
1339
1339
1304
1300
1211
1315
1440
1397
1399
1394
1231
1397
1410
1393
1366
1277
1326
1340
1291
1338
1365
1257
1339
1595
1281
1319
1426
1329
1381
1384
1412
1376
1467
1335
1330
1371
1263
1341
1428
1305
1327
1420
1283
1350
1382
1323
1311
1423
1378
1389
1430
1357
1312
1351
1352
1307
1312
1378
1444
1483
1393
1383
1250
1373
1344
1320
1343
1346
1222
1303
1439
1560
1438
1415
1341
1418
1356
1274
1372
1340
1260
1408
1354
1330
1352
1377
1359
1398
1339
1271
1445
1301
1410
1318
1414
1390
1324
1542
1410
1413
1378
1360
1343
1351
1314
1353
1398
1340
1294
1272
1546
1354
1372
1435
1363
1236
1311
1253
1454
1400
1378
1425
1373
1343
1337
1339
1362
1336
1318
1301
1285
1490
1279
1400
1305
1366
1393
1400
1252
1383
1288
1302
1284
1359
1314
1389
1309
1345
1344
1351
1323
1254
1286
1349
1391
1400
1355
1283
1374
1345
1521
1375
1349
1340
1378
1374
1484
1373
1250
1361
1407
1383
1372
1444
1276
1335
1356
1407
1342
1390
1376
1377
1261
1474
1342
1369
1336
1257
1285
1463
1308
1338
1521
1306
1317
1335
1397
1295
1479
1334
1460
1322
1329
1254
1353
1266
1410
1410
1388
1273
1479
1350
1292
1283
1320
1277
1385
1327
1261
1457
1437
1384
1299
1346
1333
1355
1320
1383
1336
1305
1278
1364
1369
1386
1344
1370
1379
1323
1249
1473
1291
1477
1367
1376
1383
1269
1316
1311
1346
1388
1346
1366
1356
1380
1312
1401
1298
1444
1243
1454
1274
1354
1233
1364
1395
1430
1288
1361
1404
1461
1350
1307
1311
1368
1220
1279
1282
1333
1317
1316
1325
1335
1316
1330
1293
1460
1354
1356
1347
1378
1409
1270
1389
1308
1329
1304
1337
1482
1350
1417
1326
1283
1407
1318
1349
1415
1472
1225
1401
1324
1393
1428
1364
1295
1364
1371
1389
1360
1285
1243
1299
1401
1483
1286
1305
1362
1316
1307
1357
1360
1286
1324
1403
1419
1256
1307
1502
1403
1340
1311
1370
1380
1462
1459
1277
1363
1246
1326
1415
1402
1364
1306
1420
1475
1387
1400
1499
1304
1353
1441
1321
1359
1484
1376
1320
1411
1392
1286
1342
1298
1272
1380
1428
1315
1450
1382
1346
1295
1408
1377
1362
1437
1501
1418
1279
1295
1403
1417
1352
1319
1387
1269
1286
1339
1342
1307
1378
1305
1385
1336
1351
1462
1456
1313
1448
1359
1557
1421
1358
1380
1379
1322
1486
1412
1394
1343
1406
1323
1399
1348
1325
1405
1353
1421
1409
1325
1355
1364
1347
1401
1402
1397
1451
1352
1398
1330
1368
1362
1331
1320
1319
1367
1284
1347
1373
1363
1306
1308
1419
1288
1329
1303
1364
1290
1341
1303
1257
1493
1442
1398
1426
1420
1445
1301
1257
1517
1488
1311
1301
1377
1430
1367
1337
1439
1422
1384
1330
1456
1340
1299
1372
1489
1293
1385
1356
1424
1422
1411
1378
1322
1376
1309
1232
1320
1322
1326
1389
1429
1330
1329
1267
1375
1421
1249
1372
1411
1229
1303
1289
1293
1321
1404
1378
1295
1379
1461
1524
1384
1316
1333
1309
1367
1335
1287
1436
1358
1351
1325
1306
1373
1377
1256
1431
1245
1378
1326
1381
1314
1430
1342
1254
1329
1393
1367
1323
1293
1364
1410
1414
1255
1312
1445
1391
1308
1291
1278
1273
1365
1487
1411
1385
1342
1362
1385
1329
1337
1579
1328
1370
1298
1475
1350
1302
1390
1391
1337
1283
1398
1406
1329
1350
1300
1329
1402
1393
1290
1369
1446
1344
1357
1372
1440
1344
1369
1327
1338
1317
1412
1413
1329
1288
1304
1333
1401
1380
1284
1337
1377
1321
1338
1428
1353
1292
1322
1379
1311
1364
1219
1317
1370
1465
1406
1326
1481
1324
1396
1421
1319
1327
1243
1235
1359
1383
1271
1378
1413
1377
1288
1373
1452
1353
1383
1289
1334
1542
1344
1490
1325
1347
1354
1387
1364
1371
1393
1364
1297
1366
1402
1430
1333
1335
1326
1281
1313
1275
1367
1480
1354
1379
1511
1279
1325
1421
1356
1466
1379
1450
1488
1323
1488
1283
1420
1278
1331
1500
1293
1423
1335
1306
1434
1386
1413
1317
1276
1368
1373
1378
1327
1460
1320
1360
1372
1515
1453
1506
1307
1404
1499
1366
1335
1366
1389
1336
1333
1359
1467
1329
1290
1423
1335
1333
1259
1391
1211
1277
1282
1364
1335
1369
1287
1292
1230
1448
1376
1394
1391
1388
1309
1491
1344
1342
1322
1293
1449
1413
1441
1338
1401
1337
1370
1343
1420
1325
1386
1378
1346
1365
1432
1333
1303
1248
1418
1332
1451
1349
1400
1487
1291
1332
1325
1413
1374
1443
1378
1276
1323
1320
1350
1435
1359
1337
1415
1315
1272
1320
1434
1495
1342
1333
1314
1389
1277
1330
1364
1242
1341
1271
1485
1318
1365
1359
1456
1326
1385
1379
1350
1357
1382
1383
1406
1259
1333
1477
1342
1349
1374
1298
1337
1424
1267
1424
1374
1409
1396
1339
1299
1272
1321
1393
1280
1296
1436
1328
1469
1339
1347
1381
1348
1321
1335
1371
1307
1343
1385
1421
1323
1332
1306
1337
1296
1335
1287
1480
1353
1630
1349
1347
1341
1298
1292
1381
1488
1290
1366
1322
1390
1362
1375
1491
1384
1401
1399
1334
1271
1476
1390
1365
1259
1335
1342
