3847
3803
3803
3889
3726
3726
3726
3726
3726
3726
3697
3697
3697
3697
3697
3671
3671
3671
3671
3671
3671
3671
3671
3671
3671
3671
3671
3671
3671
3671
3671
3671
3671
3671
3671
3671
3671
3671
3671
3671
3671
3671
3671
3671
3671
3671
3671
3671
3671
3989
3837
3783
3783
3783
3780
3780
3750
3851
3733
3733
3733
3733
3733
3733
3733
3733
3733
3733
3733
3733
3733
3783
3783
3783
3783
3783
3783
3783
3783
3783
3783
3783
3753
3753
3753
3753
3814
3814
3816
3816
3805
3805
3776
3737
3737
3737
3737
3891
3998
3891
3866
3879
3857
3857
3857
3887
3887
3815
3815
3742
3742
3742
3742
3742
3742
3742
3742
3742
3876
3768
3768
3768
3768
3945
3973
4087
3756
3756
3756
3756
3756
3756
3756
3756
3756
3756
3756
3756
3756
3756
3866
3794
3794
3663
3663
3835
3847
3847
3847
3847
3847
3785
3785
3826
3740
3740
3740
3740
3740
3879
3796
3796
3796
3841
3830
3830
3830
3830
3830
3830
3820
3796
3958
3909
3825
3825
3825
3697
3723
3723
3723
3723
3723
3723
3723
3825
3677
3677
3677
3665
3794
3714
3714
3775
3775
3775
3775
3775
3745
3745
3745
3745
3745
3745
3745
3745
3745
3745
3717
3717
3717
3717
3717
3717
3717
3615
3615
3615
3615
3615
3670
3670
3670
3670
3670
3670
3670
3670
3670
3670
3670
3670
3656
3656
3656
3656
3738
3738
3738
3738
3738
3738
3738
3738
3691
3794
3789
3789
3793
3739
3739
3739
3739
3739
3745
3745
3745
3873
3806
3811
3811
3811
3773
3773
3773
3773
3773
3773
3773
3773
3598
3598
3598
3598
3598
3598
3598
3598
3598
3598
3598
3598
3598
3598
3598
3598
3958
3768
3802
3802
3766
3766
3886
3886
3886
3886
3791
3791
3808
3808
3874
3898
3730
3794
3803
3758
3758
3758
3758
3797
3797
3797
3983
3988
4034
3954
3954
3876
3876
3876
3876
3850
3850
3739
3883
3883
3788
3792
3792
3792
3792
3792
3792
3817
3773
3773
3773
3780
3759
3759
3839
3700
3700
3700
3700
3700
3700
3700
3936
3762
3762
3762
3822
3822
3822
3822
3822
3822
3822
3756
3756
3756
3756
3756
3714
3676
3676
3676
3676
3676
3676
3676
3676
3676
3676
3676
3676
3676
3676
3676
3676
3676
3676
3676
3676
3676
3676
3676
3676
3676
3676
3676
3676
3676
3676
3676
3676
3676
3676
3676
3701
3912
3912
3779
3760
3760
4069
3914
3859
3853
3853
3908
3838
3838
3838
3838
3838
3838
3805
3805
3805
3805
3805
3982
3576
3744
3744
3744
3744
3744
3744
3903
3790
3715
3715
3715
3844
3642
3642
3642
3642
3642
3642
3642
3642
3642
3642
3642
3642
3642
3642
3642
3642
3642
3642
3642
3642
3881
3881
3789
3789
3789
3768
3768
3768
3768
3839
3797
3797
3797
3797
3922
3732
3732
3732
3732
3892
3892
3819
3819
3783
3673
3673
3662
3711
3847
3884
3645
3645
3645
3645
3645
3645
3645
3645
3924
3774
3774
3986
3812
3812
3747
3747
3747
3747
3747
3747
3737
3737
3737
3737
3737
3709
10021
3950
3868
3868
3868
3612
3612
3612
3612
3612
3612
3612
3612
3612
3612
3612
3612
3612
3612
3612
3612
3612
3612
3612
3612
3612
3612
3612
3952
3851
3851
3780
3778
3701
3701
3701
3701
3701
3701
3701
3701
3701
3701
3701
3701
3876
3684
3684
3952
3952
3952
3836
3825
3920
3726
3801
3801
3801
3801
3801
3801
3801
3801
3738
3738
3738
3860
3846
3777
3777
3945
3878
3878
3837
3837
3837
3837
3837
3560
3560
3560
3560
3560
3560
3560
3560
3560
3560
3560
3560
3560
3560
3560
3560
3560
3560
3560
3560
3560
3560
3560
3560
3560
3560
3560
3560
3560
3560
3560
3560
3560
3560
3560
3560
3560
3560
3560
3560
3560
3560
3560
3560
3560
3560
3560
3560
3560
3560
3560
3560
3560
3560
3560
3560
3560
3560
3560
3560
3560
3560
3560
3560
3560
3560
3560
3560
3560
3560
3560
3560
3560
3560
3560
3560
3560
3560
3560
3560
3560
3560
3560
3829
3829
3805
3805
3805
3780
3780
3780
3780
3780
4021
3773
3773
3773
3915
3931
3809
3809
3809
3770
3770
3770
3770
3770
3770
3770
3770
3770
3770
3697
3708
3708
3708
3896
3978
3921
3691
3691
3691
3691
3691
3691
3691
3691
3691
3812
3812
3867
3867
3867
3860
3860
3991
3757
3773
3744
3744
3901
3901
4013
3762
3762
3762
3762
3762
3762
3762
3880
3880
3721
3721
3721
3824
3769
3769
3931
3881
3906
3902
3846
3846
3937
3797
3905
3771
3771
3771
3771
3771
3758
3758
3758
3758
3758
3758
3758
3758
3812
3812
3812
4020
3787
3866
3843
3843
3843
3843
3915
3634
3634
3866
3668
3668
3668
3668
3668
3668
3668
3735
3735
3735
3735
3735
3735
3735
3735
3735
3735
3735
3735
3735
3735
3832
3682
3682
3682
3682
3682
3682
3868
3868
3704
3704
3704
3704
3704
3704
3704
3704
3704
3704
3704
3704
3704
3915
3860
3912
3912
3680
3680
3680
3680
3945
4027
3792
3792
3792
3660
3660
3660
3660
3660
3660
3660
3660
3660
3660
3660
3660
3660
3660
3660
3660
3660
3660
3707
3832
3832
3832
3807
3807
3906
3906
3706
3706
3982
3831
3925
3867
3671
3730
4001
3641
3897
3897
3897
3817
3817
3817
3836
3974
3974
3828
3828
3649
3649
3649
3649
3649
3649
3649
3896
3896
3824
3941
4034
3755
3755
3755
3832
3832
3832
3832
3721
3721
3721
3721
3721
3721
3721
3721
3721
3789
3860
3860
3860
3860
3860
3860
3860
3860
3860
3993
3814
3806
3806
3806
3806
3806
3806
3806
3806
3806
3806
3806
3806
3710
3710
3738
3950
3828
3828
3725
3725
3725
3725
3725
3874
3874
3789
3807
3807
3807
3807
3807
3703
3703
3703
3703
3703
3703
3703
3703
3703
3834
3745
3937
3937
3670
3670
3670
3670
3670
3670
3670
3670
3670
3670
3777
3777
3777
3777
3829
3829
3829
3829
3829
3797
3797
3797
3797
3797
3892
3781
3787
3787
3787
3787
3825
3842
3842
3797
3797
3797
3940
3768
3895
3895
3895
3794
3794
3857
3807
3807
3807
3831
3831
3965
3854
3617
3617
3617
3617
3617
3617
3617
3617
3617
3617
3617
3617
3617
3617
3617
3617
3617
3617
3617
3617
3946
3946
3764
3764
3764
3943
3943
3665
3665
3665
3665
3665
3665
3665
3665
3665
3665
3665
3665
3665
3665
3665
3665
3665
3665
3756
3756
3756
3941
3961
4020
3686
3686
3686
3769
3866
3866
3731
3731
3648
3648
3648
3648
3648
3648
3718
3718
3718
3718
3718
3718
3975
3975
3769
3769
3769
3769
3769
3769
3769
3769
3897
3949
3736
3736
3736
3736
3736
3736
3736
3736
3736
3736
3736
3736
3736
3766
3766
3766
3766
3766
3766
3766
3766
3817
3861
3861
3861
3861
3767
3767
3767
3767
3767
3630
3630
3710
3710
3941
3941
3793
3793
3912
4074
3977
3952
3952
3848
3990
3813
3728
3728
3728
3728
3728
3728
3728
3728
3728
3728
3728
3907
3907
3907
3868
3868
3868
3868
3868
3794
3794
3794
3794
3794
3794
3794
3850
3723
3723
3737
3737
3737
3737
3737
3737
4010
3882
3807
3807
3906
3728
3728
3728
3728
3728
3728
3728
3728
3728
3728
3728
3728
3728
3728
3728
3728
3728
3728
3728
3728
3835
3835
3835
3737
3737
3737
3737
3737
3737
3890
3895
3895
3895
3959
3959
3835
3835
3835
3835
3891
3690
3690
3690
3690
3690
3690
3690
3690
3690
3690
3834
3679
3679
3679
3679
3679
3679
3679
3679
3678
3795
3795
3795
3806
3901
3949
3800
3800
3867
3865
3934
3932
3886
3876
3764
3826
3826
3826
3826
3701
3688
3688
3821
3821
3821
3849
3756
3756
3756
3756
3756
3835
3835
3835
3835
3835
3835
3738
3738
3738
3738
3967
3967
3770
3770
3770
3879
3773
3838
3886
3886
3686
3686
3686
3659
3659
3652
3652
3652
3652
3652
3652
3652
3652
3652
3652
3652
3652
3652
4005
3814
3814
3893
3758
3758
3758
3692
3692
3700
3700
3700
3700
3700
3700
3700
3700
3700
3700
3700
3700
3700
3700
3700
3700
3826
3826
3826
3882
3882
3879
3729
3729
3729
3853
3853
3853
3853
3853
3853
3853
3853
3853
3853
3853
3853
3842
3842
3824
3784
3784
3784
3776
3776
3776
3776
3776
3776
3776
3776
3687
3776
3776
3833
3667
3667
3845
3845
3729
3729
3729
3729
3729
3729
3729
3729
3729
3760
3760
3760
3760
3760
3855
3852
3944
3897
3864
3864
4011
3652
3652
3652
3652
3652
3652
3652
3652
3652
3811
3942
3813
4044
3749
3749
3749
3749
3749
4085
4026
3720
3767
3767
3767
3774
3774
3679
3679
3679
3679
3679
3679
3679
3679
3679
3679
3679
3679
3679
3679
3679
3774
3774
3774
3774
3774
3774
3774
3946
3877
3688
3635
3635
3635
3635
3635
3635
3635
3635
3635
3635
3635
3635
3635
3635
3635
3635
3635
3815
3733
3733
3733
3733
3733
3733
3921
3704
3704
3704
3704
3704
3704
3704
3704
3704
3704
3704
3704
3704
3704
3704
3704
3704
3759
3695
3695
3695
3788
3788
3788
3788
3788
3788
3800
3779
3779
3841
3841
3759
3759
3759
3690
3690
3690
3914
3795
3795
3795
3795
3805
3755
3755
3883
3860
3803
3803
3923
3928
3834
3834
3828
3828
3828
3770
3770
3825
3825
3933
3938
3938
3822
3739
3739
3739
3739
3739
3739
3739
3739
3739
3739
3739
3880
3821
3821
3821
3835
4019
3774
3774
3624
3624
3624
3624
3624
3624
3624
3624
3629
3629
3629
3629
3629
3629
3629
3629
3629
3629
3629
3629
3629
3629
3629
3629
3870
3832
3885
3885
3970
3863
4036
3871
3840
3840
3685
3685
3685
3685
3685
3685
3685
3685
3685
3685
3685
3871
3871
3908
3944
3701
3701
3726
4026
3887
3887
3859
3817
3962
3788
3831
3746
3746
3759
3899
3899
3869
3760
3888
3913
3681
3681
3719
3719
3719
3944
3725
3833
3812
3812
3812
3854
3873
3832
3836
3836
3875
3875
3875
3742
3881
3853
3853
3853
3853
3853
3853
3919
3919
3848
3848
3882
3882
3882
3882
3763
3763
3763
3831
3831
3831
3831
3831
3829
3623
3623
3623
3623
3623
3623
3623
3623
3623
3623
3623
3623
3623
3649
3649
3649
3649
3649
3977
3690
3954
3954
3980
3908
3908
3756
3756
3756
3756
3756
3756
3878
3823
3810
3810
3810
3901
3751
3751
3751
3751
3751
3751
3884
3843
3843
3870
3965
3853
3747
3747
3746
3746
3746
3746
3745
3745
3745
3745
3799
3799
3799
3799
3799
3799
3784
3784
3784
3784
3784
3784
3784
3905
3812
3827
3827
3827
3827
3827
3728
3728
3728
3728
3728
3728
3728
3728
3728
3728
3758
3758
3801
3775
3775
3775
3775
3775
3775
3775
3862
3800
3873
3736
3814
3814
3814
3814
3758
3758
3758
3758
3758
3758
3758
3758
3758
3879
3870
3990
3710
3710
3921
3837
3962
3905
3905
3905
3905
3905
3905
3826
3886
3886
3886
3769
3769
3769
3769
3769
3930
3809
3736
3736
3870
3870
3870
3870
3842
3894
3858
3783
3783
3783
4038
3925
3770
3770
3892
3791
3822
3822
3858
3858
3922
3922
4017
3947
3846
3932
4051
3957
3806
3806
3806
3754
3743
3953
3829
3800
3800
3800
3800
3800
3800
3800
3800
3800
3800
3800
3800
3800
3781
3858
3870
3942
3976
3786
3786
3786
3786
3786
3786
3844
3844
4017
3805
3805
3805
3805
3805
3805
3805
3930
3807
3748
3748
3748
3748
3895
4031
3659
3659
3659
3659
3659
3659
3659
3659
3659
3659
3703
3703
3703
3703
3703
3703
3703
3703
3703
3703
3703
3703
3703
3703
3703
3703
3909
3812
3812
3745
3745
3745
3745
3745
3745
3745
3745
3792
3992
3715
3715
3919
3919
3942
3870
3870
3870
3741
3741
3856
4021
3829
3678
3678
3678
3678
3678
3938
3938
3799
3799
3799
3799
10031
3947
3761
3846
3846
3801
3896
3883
3827
3827
4019
3962
3770
3838
3835
3874
3874
3737
3737
3737
3737
3923
3924
3924
3866
3811
3811
3811
3811
3893
4136
10021
