1797
1747
1852
1777
1931
1855
1673
1673
1673
1673
1673
1673
1823
1779
1779
1758
1796
1796
1758
1846
1815
1816
1907
1741
1741
1741
1741
1741
1741
1815
1824
1689
1689
1753
1720
1720
1762
1869
1763
1763
1784
1815
1815
1867
1867
1927
1704
1704
1704
1648
1648
1648
1648
1736
1736
1736
1736
1837
1837
1789
1690
1768
1768
1821
1821
1769
1751
1820
1878
1820
1749
1777
1777
1815
1821
1876
1681
1681
1681
1702
1702
1702
1702
1702
1877
1790
1738
1720
1720
1720
1720
1720
1720
1868
1888
1888
1850
1850
1850
1729
1729
1704
1704
1704
1704
1704
1838
1909
1677
1677
1851
1851
1692
1692
1692
1692
1692
1801
1830
1805
1853
1763
1790
1768
1844
1825
1738
1738
1738
1703
1703
1703
1843
1733
1796
1796
1723
1723
1739
1739
1739
1739
1739
1778
1778
1795
1777
1793
1793
1793
1687
1767
1767
1767
1767
1823
1804
1804
1804
1765
1705
1795
1785
1785
1784
1764
1843
1824
1728
1728
1728
1728
1707
1707
1707
1707
1707
1707
1707
1731
1731
1731
1731
1731
1811
1768
1847
1719
1719
1728
1728
1765
1810
1709
1745
1708
1783
1763
1836
1836
1840
1840
1852
1807
1836
1793
1793
1711
1789
1789
1789
1789
1823
1744
1744
1744
1735
1713
1713
1713
1713
1713
1713
1713
1779
1777
1812
1812
1812
1812
1812
1711
1680
1680
1680
1680
1680
1680
1680
1680
1680
1730
1730
1730
1730
1730
1723
1723
1788
1788
1826
1740
1811
1811
1726
1726
1726
1726
1776
1775
1775
1771
1844
1928
1816
1821
1821
1777
1777
1777
1779
1762
1762
1750
1750
1751
1751
1811
1800
1800
1755
1755
1755
1817
1682
1682
1682
1682
1762
1762
1762
1762
1762
1832
1781
1781
1666
1666
1666
1666
1918
1818
1731
1731
1793
1793
1855
1855
1721
1747
1906
1667
1667
1667
1811
1784
1784
1730
1730
1665
1665
1665
1614
1614
1614
1614
1614
1614
1878
1633
1633
1633
1633
1633
1633
1633
1633
1633
1633
1633
1633
1633
1633
1633
1633
1633
1633
1633
1633
1633
1810
1810
1726
1726
1726
1726
1728
1730
1730
1730
1730
1730
1730
1730
1685
1685
1685
1685
1685
1685
1685
1685
1685
1778
1778
1678
1678
1919
1853
1853
1795
1813
1813
1813
1815
1749
1749
1749
1759
1759
1914
1798
1798
1753
1795
1795
1795
1800
1800
1828
1762
1698
1759
1759
1759
1749
1749
1864
1864
1797
1723
1977
1854
1856
1897
1725
1725
1741
1753
1753
1901
1774
1774
1805
1805
1805
1725
1725
1725
1725
1735
1736
1736
1764
1764
1764
1764
1717
1717
1717
1717
1717
1717
1762
1805
1805
1788
1770
1771
1759
1759
1736
1737
1737
1751
1751
1751
1751
1751
1751
1751
1751
1738
1738
1738
1812
1812
1780
1780
1802
1896
1739
1739
1780
1780
1780
1780
1738
1738
1698
1698
1698
1763
1756
1756
1756
1756
1756
1756
1756
1737
1794
1773
1832
1896
1791
1751
1684
1684
1684
1674
1674
1674
1674
1674
1674
1674
1674
1674
1674
1756
1754
1750
1750
1750
1750
1750
1750
1703
1703
1703
1713
1713
1713
1770
1773
1773
1802
1802
1791
1623
1623
1623
1623
1623
1623
1623
1623
1672
1672
1672
1672
1672
1802
1776
1726
1738
1746
1663
1697
1697
1697
1697
1706
1706
1706
1706
1706
1706
1765
1773
1774
1884
1884
1789
1767
1682
1682
1807
1687
1807
1807
1807
1807
1840
1850
1850
1850
1701
1701
1701
1701
1701
1701
1701
1701
1701
1701
1701
1701
1701
1701
1701
1846
1797
1785
1707
1710
1710
1710
1761
1761
1761
1761
1749
1789
1778
1778
1748
1748
1748
1891
1794
1818
1775
1775
1765
1765
1766
1732
1732
1732
1725
1725
1725
1725
1725
1791
1809
1755
1800
1784
1901
1664
1736
1736
1694
1694
1694
1694
1759
1759
1759
1808
1794
1697
1697
1697
1697
1697
1697
1697
1692
1692
1807
1807
1730
1730
1776
1904
1844
1844
1829
1829
1924
1709
1780
1813
1693
1693
1763
1763
1779
1779
1649
1649
1649
1649
1649
1649
1813
1780
1780
1780
1863
1693
1693
1693
1693
1693
1693
1693
1693
1748
1748
1709
1698
1698
1698
1823
1908
1789
1789
1789
1705
1797
1835
1796
1796
1790
1860
1715
1715
1890
1846
1706
1706
1706
1706
1706
1706
1706
1706
1601
1601
1761
1774
1774
1855
1751
1751
1757
1764
1856
1782
1790
1790
1834
1834
1730
1730
1730
1730
1730
1730
1730
1730
1730
1713
1754
1754
1882
1747
1747
1858
1698
1698
1698
1758
1812
1815
1815
1828
1748
1748
1748
1767
1767
1767
1723
1907
1731
1782
1782
1782
1796
1766
1766
1742
1746
1697
1697
1697
1868
1786
1791
1776
1793
1804
1804
1722
1722
1722
1722
1722
1824
1824
1718
1720
1720
1850
1850
1831
1791
1791
1813
1813
1813
1796
1761
1744
1744
1744
1744
1869
1818
1916
1755
1755
1770
1770
1770
1770
1736
1682
1682
1682
1773
1797
1773
1773
1773
1773
1773
1748
1748
1748
1748
1795
1795
1794
1794
1794
1794
1794
1794
1849
1825
1825
1787
1787
1787
1873
1873
1744
1903
1721
1721
1850
1850
1788
1788
1804
1789
1755
1867
1768
1768
1768
1860
1860
1837
1837
1845
1753
1753
1761
1761
1761
1761
1755
1755
1755
1811
1840
1866
1805
1752
1752
1752
1752
1752
1752
1729
1729
1729
1729
1729
1729
1789
1789
1677
1677
1677
1754
1740
1874
1845
1713
1848
1815
1724
1745
1745
1852
1718
1718
1718
1718
1718
1780
1780
1780
1811
1811
1777
1777
1777
1703
1703
1703
1703
1703
1703
1697
1697
1697
1705
1705
1705
1696
1696
1696
1696
1696
1696
1696
1696
1696
1696
1696
1853
1771
1695
1695
1695
1695
1695
1695
1695
1626
1626
1626
1626
1626
1626
1626
1711
1711
1764
1764
1809
1679
1684
1684
1684
1684
1714
1844
1793
1793
1837
1837
1837
1647
1647
1647
1647
1647
1632
1684
1684
1815
1858
1776
1776
1920
1735
1735
1736
1768
1775
1853
1828
1680
1680
1680
1680
1680
1680
1680
1680
1721
1738
1826
1826
1778
1724
1724
1724
1764
1764
1764
1764
1682
1682
1682
1772
1772
1740
1740
1802
1861
1682
1682
1682
1682
1796
1888
1799
1814
1800
1791
1791
1795
1678
1678
1678
1678
1678
1888
1785
1785
1785
1753
1753
1837
1880
1824
1743
1851
1827
1743
1743
1743
1797
1787
1787
1731
1731
1731
1731
1731
1731
1731
1765
1819
1741
1741
1809
1725
1725
1725
1725
1725
1725
1725
1725
1739
1739
1739
1739
1739
1739
1739
1817
1793
1696
1809
1809
1774
1774
1790
1790
1790
1694
1694
1694
1694
1716
1716
1716
1802
1802
1699
1772
1755
1755
1755
1784
1817
1768
1768
1768
1768
1722
1722
1749
1749
1749
1837
1751
1751
1751
1788
1788
1854
1854
1827
1800
1800
1742
1742
1742
1742
1742
1742
1742
1767
1868
1784
1784
1743
1761
1761
1761
1760
1760
1760
1760
1760
1760
1850
1733
1733
1781
1778
1778
1771
1755
1757
1757
1784
1784
1876
1750
1795
1807
1848
1786
1786
1786
1791
1716
1716
1716
1845
1808
1808
1759
1759
1875
1904
1904
1708
1708
1708
1784
1792
1867
1930
1754
1662
1662
1662
1662
1662
1662
1670
1670
1670
1670
1670
1670
1670
1670
1670
1874
1739
1821
1821
1797
1688
1688
1688
1688
1688
1688
1721
1963
1963
1958
1747
1747
1747
1808
1733
1733
1764
1764
1723
1701
1701
1701
1701
1839
1708
1708
1697
1791
1791
1791
1791
1777
1698
1698
1852
1852
1879
1663
1663
1663
1663
1663
1663
1663
1663
1663
1663
1663
1718
1718
1718
1718
1718
1718
1788
1788
1880
1840
1814
1971
1846
1871
1721
1721
1721
1867
1767
1738
1858
1858
1730
1730
1730
1730
1730
1730
1730
1730
1730
1730
1814
1814
1806
1806
1806
1697
1697
1697
1694
1694
1733
1733
1733
1707
1777
1850
1850
1827
1772
1772
1850
1845
1787
1787
1789
1797
1797
1797
1739
1739
1739
1761
1761
1762
1762
1762
1800
1810
1705
1742
1742
1742
1742
1674
1674
1674
1674
1674
1674
1674
1705
1705
1743
1743
1763
1875
1698
1698
1745
1760
1760
1760
1760
1760
1866
1793
1793
1771
1813
1902
1750
1853
1688
1896
1732
1732
1829
1726
1726
1706
1706
1706
1706
1822
1822
1779
1779
1822
1822
1766
1806
1806
1827
1812
1757
1757
1875
1808
1723
1723
1723
1762
1762
1762
1762
1762
1736
1736
1752
1873
1873
1807
1807
1890
1785
1785
1785
1785
1719
1832
1824
1796
1705
1705
1821
1821
1860
1796
1796
1796
1749
1749
1860
1783
1783
1831
1831
1746
1746
1701
1701
1701
1833
1795
1838
1838
1871
1772
1825
1808
1781
1781
1723
1723
1956
1771
1875
1805
1805
1805
1821
1821
1821
1821
1821
1812
1812
1657
1657
1657
1657
1657
1657
1657
1772
1772
1772
1895
1750
1726
1726
1793
1780
1617
1617
1617
1617
1617
1617
1617
1617
1758
1802
1768
1712
1755
1714
1714
1714
1714
1714
1710
1710
1710
1710
1710
1710
1789
1789
1825
1734
1734
1734
1669
1722
1772
1714
1885
1849
1849
1778
1778
1778
1693
1693
1693
1852
1850
1850
1883
1791
1791
1761
1847
1726
1726
1726
1801
1801
1801
1801
1801
1756
1820
1837
1837
1845
1872
1768
1709
1709
1709
1709
1855
1727
1727
1727
1727
1727
1767
1695
1695
1664
1664
1664
1664
1664
1664
1810
1810
1810
1810
1810
1806
1746
1828
1710
1710
1710
1811
1811
1858
1858
1775
1775
1799
1799
1768
1768
1864
1864
1825
1789
1815
1815
1814
1814
1832
1801
1855
1931
1762
1837
1705
1705
1705
1705
1848
1848
1804
1724
1800
1800
1800
1912
1742
1742
1742
1711
1711
1770
1770
1780
1862
1741
1741
1741
1741
1741
1831
1709
1623
1623
1623
1623
1623
1780
1920
1778
1869
1743
1620
1620
1620
1620
1620
1620
1620
1620
1620
1789
1773
1654
1654
1654
1654
1654
1654
1654
1654
1654
1849
1789
1731
1731
1731
1731
1784
1773
1745
1815
1815
1815
1702
1735
1735
1735
1735
1735
1924
1815
1796
1733
1733
1733
1733
1777
1777
1777
1777
1876
1926
1743
1743
1743
1743
1743
1866
1866
1710
1710
1710
1710
1710
1710
1710
1710
1765
1859
1753
1753
1772
1819
1898
1727
1873
1759
1759
1759
1887
1806
1806
1847
1785
1785
1780
1781
1781
1781
1779
1779
1779
1779
1779
1701
1701
1701
1701
1701
1701
1797
1873
1825
1739
1739
1739
1739
1739
1739
1739
1770
1893
1792
1792
1792
1851
1785
1785
1751
1751
1751
1835
1773
1773
1823
1823
1821
1858
1746
1921
1805
1864
1732
1732
1687
1781
1781
1781
1780
1854
1764
1730
1699
1699
1704
1698
1698
1907
1771
1771
1771
1677
1677
1875
1739
1739
1739
1739
1739
1739
1739
1739
1746
1746
1875
1741
1741
1784
1803
1893
1871
1866
1808
1722
1722
1722
1722
1837
1889
1754
1743
1743
1743
1707
1707
1707
1707
1707
1707
1707
1707
1707
1666
1816
1814
1719
1719
1794
1719
1813
1668
1668
1772
1772
1820
1709
1841
1841
1777
1818
1922
1778
1687
1852
1691
1691
1691
1691
1691
1691
1691
1787
1787
1787
1884
1884
1794
1794
1794
1789
1838
1838
1863
1807
1836
1836
1836
1943
1925
1925
1838
1838
1812
1812
1786
1713
1713
1769
1769
1945
1792
1792
1792
1792
1654
1654
1654
1654
1654
1781
1759
1759
1759
1732
1732
1806
1806
1806
1806
1806
1806
1806
1683
1683
1683
1683
1683
1683
1683
1683
1683
1856
1737
1699
1914
1892
1861
1844
1844
1745
1745
1745
1745
1745
1745
1745
1807
1785
1719
1781
1953
1846
1765
1771
1844
1837
1890
1774
1777
1777
1822
1828
1828
1825
1777
1777
1777
1795
1815
1815
1815
1762
1762
1824
1702
1702
1702
1723
1723
1723
1723
1723
1802
1749
1711
1711
1711
1711
1711
1770
1770
1770
1714
1714
1714
1850
1813
1813
1813
1706
1706
1706
1706
1885
1864
1738
10041
