0.032000
0.030000
0.030000
0.033000
0.027000
0.033000
0.043000
0.032000
0.026000
0.033000
0.031000
0.034000
0.043000
0.030000
0.031000
0.033000
0.037000
0.044000
0.034000
0.032000
0.032000
0.036000
0.036000
0.035000
0.041000
0.035000
0.037000
0.040000
0.041000
0.036000
0.035000
0.035000
0.043000
0.041000
0.039000
0.035000
0.032000
0.031000
0.044000
0.042000
0.035000
0.032000
0.047000
0.060000
0.049000
0.038000
0.034000
0.040000
0.044000
0.038000
0.040000
0.044000
0.035000
0.041000
0.037000
0.037000
0.047000
0.033000
0.038000
0.033000
0.032000
0.040000
0.044000
0.041000
0.043000
0.039000
0.038000
0.047000
0.048000
0.044000
0.030000
0.034000
0.041000
0.039000
0.042000
0.038000
0.046000
0.042000
0.041000
0.033000
0.040000
0.036000
0.115000
0.066000
0.049000
0.042000
0.052000
0.037000
0.032000
0.034000
0.030000
0.032000
0.043000
0.043000
0.032000
0.032000
0.029000
0.039000
0.041000
0.039000
0.034000
0.027000
0.033000
0.038000
0.058000
0.046000
0.034000
0.044000
0.067000
0.056000
0.163000
0.084000
0.058000
0.064000
0.054000
0.048000
0.038000
0.037000
0.044000
0.037000
0.038000
0.040000
0.099000
0.055000
0.045000
0.069000
0.058000
0.061000
0.039000
0.054000
0.048000
0.047000
0.037000
0.040000
0.038000
0.044000
0.038000
0.037000
0.045000
0.057000
0.036000
0.040000
0.035000
0.034000
0.044000
0.054000
0.032000
0.033000
0.048000
0.038000
0.039000
0.050000
0.035000
0.062000
0.043000
0.038000
0.030000
0.041000
0.042000
0.043000
0.037000
0.030000
0.031000
0.045000
0.035000
0.043000
0.029000
0.029000
0.034000
0.055000
0.049000
0.035000
0.036000
0.043000
0.063000
0.054000
0.034000
0.039000
0.047000
0.041000
0.038000
0.041000
0.038000
0.039000
0.040000
0.037000
0.032000
0.060000
0.039000
0.037000
0.042000
0.031000
0.046000
0.054000
0.036000
0.037000
0.032000
0.036000
0.034000
0.042000
0.037000
0.039000
0.032000
0.035000
0.041000
0.035000
0.038000
0.037000
0.033000
0.037000
0.047000
0.039000
0.035000
0.042000
0.038000
0.044000
0.039000
0.033000
0.041000
0.040000
0.042000
0.046000
0.043000
0.044000
0.046000
0.045000
0.031000
0.044000
0.042000
0.038000
0.043000
0.036000
0.040000
0.044000
0.048000
0.039000
0.041000
0.035000
0.047000
0.041000
0.041000
0.037000
0.038000
0.051000
0.050000
0.039000
0.046000
0.045000
0.038000
0.041000
0.044000
0.043000
0.042000
0.045000
0.036000
0.035000
0.054000
0.048000
0.041000
0.035000
0.044000
0.041000
0.048000
0.037000
0.040000
0.041000
0.036000
0.042000
0.042000
0.040000
0.037000
0.034000
0.047000
0.033000
0.041000
0.038000
0.041000
0.035000
0.041000
0.044000
0.037000
0.041000
0.056000
0.036000
0.048000
0.055000
0.067000
0.059000
0.055000
0.060000
0.044000
0.055000
0.083000
0.051000
0.052000
0.048000
0.043000
0.074000
0.065000
0.053000
0.052000
0.067000
0.058000
0.077000
0.073000
0.038000
0.088000
0.047000
0.050000
0.050000
0.044000
0.046000
0.040000
0.040000
0.036000
0.040000
0.041000
0.040000
0.044000
0.040000
0.049000
0.039000
0.039000
0.048000
0.079000
0.048000
0.042000
0.084000
0.054000
0.065000
0.051000
0.067000
0.051000
0.054000
0.054000
0.047000
0.044000
0.043000
0.048000
0.044000
0.057000
0.056000
0.043000
0.049000
0.057000
0.083000
0.056000
0.055000
0.048000
0.052000
0.052000
0.045000
0.048000
0.051000
0.052000
0.052000
0.042000
0.054000
0.056000
0.073000
0.046000
0.053000
0.056000
0.047000
0.042000
0.054000
0.052000
0.047000
0.042000
0.050000
0.082000
0.054000
0.062000
0.066000
0.049000
0.049000
0.059000
0.055000
0.066000
0.046000
0.044000
0.090000
0.051000
0.057000
0.073000
0.104000
0.136000
0.054000
0.100000
0.099000
0.108000
0.063000
0.068000
0.076000
0.060000
0.074000
0.083000
0.073000
0.061000
0.057000
0.052000
0.053000
0.044000
0.069000
0.072000
0.039000
0.053000
0.042000
0.056000
0.064000
0.054000
0.059000
0.093000
0.083000
0.052000
0.091000
0.066000
0.056000
0.061000
0.087000
0.082000
0.081000
0.086000
0.065000
0.062000
0.070000
0.049000
0.057000
0.057000
0.059000
0.067000
0.064000
0.076000
0.077000
0.083000
0.073000
0.067000
0.074000
0.071000
0.056000
0.058000
0.082000
0.062000
0.069000
0.075000
0.054000
0.062000
0.066000
0.052000
0.045000
0.096000
0.072000
0.077000
0.068000
0.067000
0.083000
0.053000
0.074000
0.071000
0.056000
0.071000
0.077000
0.059000
0.055000
0.085000
0.063000
0.079000
0.051000
0.057000
0.050000
0.062000
0.051000
0.049000
0.080000
0.059000
0.057000
0.088000
0.065000
0.059000
0.070000
0.062000
0.060000
0.044000
0.054000
0.055000
0.055000
0.053000
0.055000
0.049000
0.044000
0.039000
0.070000
0.051000
0.063000
0.124000
0.081000
0.076000
0.064000
0.066000
0.090000
0.074000
0.057000
0.055000
0.058000
0.064000
0.113000
0.127000
0.076000
0.058000
0.221000
0.057000
0.066000
0.046000
0.048000
0.050000
0.056000
0.086000
0.065000
0.071000
0.086000
0.059000
0.079000
0.072000
0.070000
0.063000
0.054000
0.053000
0.042000
0.045000
0.051000
0.049000
0.046000
0.044000
0.062000
0.052000
0.041000
0.043000
0.052000
0.063000
0.050000
0.068000
0.071000
0.049000
0.044000
0.074000
0.054000
0.044000
0.047000
0.048000
0.049000
0.043000
0.042000
0.051000
0.051000
0.048000
0.042000
0.047000
0.062000
0.057000
0.040000
0.057000
0.045000
0.047000
0.044000
0.043000
0.049000
0.044000
0.048000
0.042000
0.077000
0.053000
0.051000
0.072000
0.060000
0.044000
0.047000
0.065000
0.056000
0.047000
0.076000
0.060000
0.061000
0.058000
0.055000
0.066000
0.053000
0.055000
0.052000
0.049000
0.062000
0.065000
0.062000
0.052000
0.065000
0.062000
0.105000
0.128000
0.058000
0.049000
0.078000
0.040000
0.042000
0.048000
0.056000
0.037000
0.050000
0.040000
0.055000
0.046000
0.046000
0.046000
0.067000
0.052000
0.042000
0.036000
0.149000
0.045000
0.047000
0.049000
0.057000
0.048000
0.051000
0.065000
0.055000
0.051000
0.073000
0.052000
0.041000
0.055000
0.060000
0.047000
0.043000
0.047000
0.062000
0.054000
0.046000
0.044000
0.068000
0.056000
0.051000
0.053000
0.059000
0.046000
0.046000
0.100000
0.069000
0.062000
0.111000
0.076000
0.090000
0.080000
0.060000
0.075000
0.055000
0.053000
0.065000
0.054000
0.062000
0.059000
0.066000
0.059000
0.076000
0.077000
0.052000
0.052000
0.062000
0.090000
0.063000
0.096000
0.072000
0.073000
0.079000
0.066000
0.066000
0.062000
0.062000
0.055000
0.114000
0.066000
0.083000
0.109000
0.086000
0.124000
0.105000
0.076000
0.074000
0.320000
0.160000
0.074000
0.110000
0.103000
0.098000
0.104000
0.075000
0.070000
0.086000
0.071000
0.073000
0.082000
0.117000
0.127000
0.083000
0.143000
0.100000
0.090000
0.089000
0.115000
0.062000
0.080000
0.058000
0.107000
0.082000
0.126000
0.073000
0.188000
0.104000
0.062000
0.070000
0.079000
0.067000
0.070000
0.100000
0.073000
0.068000
0.082000
0.092000
0.070000
0.064000
0.057000
0.096000
0.077000
0.094000
0.070000
0.114000
0.099000
0.090000
0.083000
0.100000
0.208000
0.225000
0.112000
0.120000
0.098000
0.182000
0.080000
0.168000
0.139000
0.066000
0.177000
0.069000
0.111000
0.079000
0.119000
0.068000
0.164000
0.072000
0.130000
0.071000
0.242000
0.327000
0.229000
0.610000
0.313000
0.614000
0.077000
0.093000
0.080000
0.061000
0.141000
0.079000
0.171000
0.081000
0.203000
0.142000
0.078000
0.124000
0.083000
0.079000
0.158000
0.079000
0.103000
0.123000
0.098000
0.077000
0.090000
0.073000
0.125000
0.079000
0.071000
0.198000
0.076000
0.107000
0.116000
0.089000
0.099000
0.125000
0.086000
0.126000
0.089000
0.096000
0.091000
0.072000
0.080000
0.065000
0.085000
0.087000
0.077000
0.094000
0.093000
0.108000
0.104000
0.125000
0.113000
0.203000
0.078000
0.103000
0.099000
0.170000
0.145000
0.073000
0.121000
0.090000
0.095000
0.082000
0.082000
0.095000
0.101000
0.078000
0.058000
0.055000
0.059000
0.070000
0.069000
0.073000
0.063000
0.055000
0.068000
0.069000
0.045000
0.063000
0.066000
0.068000
0.063000
0.084000
0.046000
0.061000
0.052000
0.060000
0.077000
0.070000
0.072000
0.078000
0.078000
0.069000
0.077000
0.078000
0.062000
0.073000
0.065000
0.056000
0.058000
0.074000
0.069000
0.072000
0.124000
0.118000
0.129000
0.069000
0.085000
0.064000
0.070000
0.075000
0.069000
0.057000
0.095000
0.094000
0.088000
0.068000
0.065000
0.083000
0.066000
0.065000
0.067000
0.060000
0.062000
0.090000
0.052000
0.063000
0.087000
0.058000
0.108000
0.073000
0.077000
0.066000
0.068000
0.078000
0.134000
0.096000
0.077000
0.068000
0.078000
0.061000
0.066000
0.092000
0.061000
0.066000
0.104000
0.059000
0.076000
0.077000
0.069000
0.084000
0.074000
0.077000
0.055000
0.073000
0.086000
0.064000
0.090000
0.079000
0.065000
0.061000
0.083000
0.087000
0.070000
0.172000
0.096000
0.093000
0.113000
0.091000
0.120000
0.078000
0.095000
0.105000
0.065000
0.081000
0.092000
0.091000
0.161000
0.169000
0.270000
0.103000
0.114000
0.116000
0.126000
0.218000
0.123000
0.107000
0.090000
0.075000
0.097000
0.083000
0.086000
0.102000
0.100000
0.119000
0.085000
0.100000
0.089000
0.076000
0.090000
0.093000
0.112000
0.107000
0.096000
0.115000
0.078000
0.073000
0.070000
0.091000
0.089000
0.101000
0.077000
0.074000
0.151000
0.224000
0.185000
0.152000
0.124000
0.087000
0.087000
0.090000
0.079000
0.081000
0.071000
0.075000
0.081000
0.099000
0.166000
0.147000
0.094000
0.168000
0.095000
0.107000
0.112000
0.091000
0.081000
0.071000
0.092000
0.089000
0.077000
0.094000
0.082000
0.141000
0.095000
0.106000
0.102000
0.110000
0.157000
0.079000
0.091000
0.110000
0.110000
0.085000
0.100000
0.099000
0.081000
0.110000
0.066000
0.075000
0.076000
0.071000
0.088000
0.086000
0.116000
0.117000
0.112000
0.077000
0.076000
0.075000
0.072000
0.071000
0.099000
0.120000
0.105000
0.099000
0.083000
0.099000
0.169000
0.129000
0.106000
0.104000
0.091000
0.086000
0.084000
0.082000
0.093000
0.074000
0.081000
0.110000
0.091000
0.123000
0.091000
0.075000
0.079000
0.093000
0.086000
0.109000
0.103000
0.083000
0.079000
0.080000
0.069000
0.087000
0.071000
0.073000
0.071000
0.065000
0.069000
0.095000
0.101000
0.070000
0.085000
0.081000
0.094000
0.079000
0.108000
0.093000
0.097000
0.103000
0.087000
0.101000
0.090000
0.091000
0.076000
0.072000
0.076000
0.085000
0.087000
0.086000
0.088000
0.085000
0.085000
0.086000
0.094000
0.074000
0.105000
0.096000
0.077000
0.121000
0.128000
0.123000
0.069000
0.073000
0.080000
0.076000
0.077000
0.076000
0.081000
0.079000
0.084000
0.106000
0.120000
0.089000
0.121000
0.112000
0.095000
0.094000
0.105000
0.103000
0.100000
0.104000
0.098000
0.107000
0.127000
0.120000
0.155000
0.105000
0.108000
0.114000
0.090000
0.120000
0.091000
0.125000
0.109000
0.110000
0.106000
0.110000
0.076000
0.095000
0.112000
0.081000
0.116000
0.125000
0.111000
0.121000
0.108000
0.107000
0.109000
0.131000
0.120000
0.131000
0.098000
0.190000
0.347000
0.134000
0.112000
0.371000
0.150000
0.109000
0.092000
0.082000
0.086000
0.089000
0.103000
0.076000
0.110000
0.075000
0.071000
0.102000
0.084000
0.106000
0.082000
0.092000
0.093000
0.078000
0.087000
0.271000
0.314000
0.237000
0.088000
0.083000
0.127000
0.095000
0.077000
0.090000
0.081000
0.078000
0.093000
0.081000
0.089000
0.074000
0.097000
0.083000
0.077000
0.092000
0.087000
0.070000
0.091000
0.089000
0.094000
0.076000
0.092000
0.109000
0.122000
0.124000
0.150000
0.103000
0.115000
0.110000
0.156000
0.123000
0.147000
0.150000
0.133000
0.105000
0.115000
0.142000
0.177000
0.132000
0.102000
0.095000
0.092000
0.096000
0.091000
0.122000
0.102000
0.135000
0.123000
0.161000
0.158000
0.134000
0.143000
0.106000
0.110000
0.125000
0.100000
0.135000
0.098000
0.114000
0.109000
0.114000
0.113000
0.101000
0.099000
0.089000
0.088000
0.095000
0.091000
0.080000
0.081000
0.097000
0.092000
0.086000
0.089000
0.090000
0.096000
0.102000
0.097000
0.105000
0.108000
0.101000
0.119000
0.101000
0.105000
0.108000
0.099000
0.106000
0.115000
0.096000
0.088000
0.095000
0.086000
0.100000
0.101000
0.088000
0.083000
0.097000
0.077000
0.087000
0.076000
0.089000
0.078000
0.080000
0.078000
0.075000
0.105000
0.102000
0.080000
0.095000
0.089000
0.086000
0.094000
0.130000
0.074000
0.086000
0.078000
0.093000
0.089000
0.114000
0.085000
0.069000
0.076000
0.079000
0.086000
0.096000
0.110000
0.077000
0.086000
0.082000
0.075000
0.125000
0.127000
0.125000
0.126000
0.115000
0.109000
0.098000
0.117000
0.106000
0.109000
0.100000
0.097000
0.096000
0.091000
0.123000
0.152000
0.092000
0.118000
0.110000
0.158000
0.123000
0.101000
0.123000
0.108000
0.106000
0.095000
0.097000
0.095000
0.098000
0.133000
0.130000
0.103000
0.105000
0.126000
0.119000
0.114000
0.105000
0.146000
0.130000
0.112000
0.153000
0.134000
0.105000
0.106000
0.096000
0.124000
0.093000
0.099000
0.096000
0.095000
0.097000
0.131000
0.137000
0.130000
0.091000
0.109000
0.108000
0.111000
0.121000
0.089000
0.102000
0.097000
0.106000
0.102000
0.099000
0.133000
0.098000
0.091000
0.086000
0.096000
0.117000
0.095000
0.100000
0.093000
0.077000
0.082000
0.080000
0.102000
0.117000
0.088000
0.089000
0.091000
0.100000
0.079000
0.091000
0.088000
0.093000
0.091000
0.121000
0.110000
0.110000
0.093000
0.122000
0.123000
0.104000
0.094000
0.095000
0.101000
0.099000
0.120000
0.095000
0.099000
0.085000
0.096000
0.108000
0.095000
0.087000
0.096000
0.100000
0.107000
0.098000
0.082000
0.098000
0.093000
0.110000
0.100000
0.111000
0.088000
0.092000
0.102000
0.093000
0.099000
0.093000
0.104000
0.104000
0.137000
0.131000
0.129000
0.145000
0.142000
0.107000
0.125000
0.123000
0.110000
0.095000
0.117000
0.102000
0.119000
0.118000
0.213000
0.163000
0.144000
0.139000
0.131000
0.133000
0.162000
0.164000
0.124000
0.122000
0.130000
0.141000
0.124000
0.127000
0.128000
0.147000
0.128000
0.126000
0.223000
0.186000
0.255000
0.216000
0.207000
0.174000
0.152000
0.175000
0.137000
0.175000
0.167000
0.132000
0.135000
0.145000
0.299000
0.212000
0.151000
0.159000
0.153000
0.316000
0.232000
0.172000
0.297000
0.199000
0.174000
0.163000
0.251000
0.181000
0.140000
0.116000
0.137000
0.154000
0.153000
0.168000
0.138000
0.122000
0.128000
0.152000
0.149000
0.159000
0.193000
0.166000
0.172000
0.170000
0.141000
0.156000
0.143000
0.145000
0.158000
0.136000
0.196000
0.158000
0.156000
0.158000
0.162000
0.138000
0.180000
0.252000
0.213000
0.358000
0.462000
0.291000
0.620000
0.344000
0.504000
0.257000
0.216000
0.693000
0.256000
0.225000
0.335000
0.530000
0.360000
0.205000
0.203000
0.244000
0.207000
0.213000
0.230000
0.188000
0.172000
0.182000
0.251000
0.182000
0.223000
0.234000
0.205000
0.180000
0.176000
0.193000
0.168000
0.214000
0.171000
0.178000
0.161000
0.188000
0.221000
0.297000
0.379000
0.263000
0.219000
0.232000
0.265000
0.271000
0.216000
0.307000
0.251000
0.317000
0.268000
0.354000
0.256000
0.233000
0.234000
0.203000
0.224000
0.189000
0.177000
0.209000
0.245000
0.210000
0.178000
0.177000
0.177000
0.174000
0.199000
0.298000
0.202000
0.181000
0.162000
0.162000
0.178000
0.240000
0.152000
0.148000
0.150000
0.137000
0.143000
0.130000
0.160000
0.142000
0.149000
0.146000
0.151000
0.156000
0.145000
0.172000
0.181000
0.146000
0.138000
0.143000
0.142000
0.141000
0.149000
0.172000
0.158000
0.198000
0.224000
0.180000
0.152000
0.146000
0.150000
0.164000
0.171000
0.149000
0.153000
0.154000
0.163000
0.243000
0.266000
0.263000
0.262000
0.293000
0.255000
0.251000
0.302000
0.255000
0.267000
0.246000
0.300000
0.345000
0.257000
0.299000
0.279000
0.251000
0.215000
0.219000
0.228000
0.249000
0.239000
0.236000
0.218000
0.232000
0.223000
0.270000
0.243000
0.227000
0.241000
0.232000
0.247000
0.257000
0.330000
0.331000
0.295000
0.326000
0.338000
0.272000
0.293000
0.330000
0.326000
0.349000
0.331000
0.340000
0.684000
0.319000
0.467000
0.372000
0.557000
0.361000
0.347000
0.371000
0.351000
0.338000
0.388000
0.387000
0.300000
0.388000
0.344000
0.322000
0.344000
0.405000
0.741000
0.598000
1.029000
0.479000
0.508000
0.505000
0.360000
0.361000
0.458000
0.498000
0.527000
0.394000
0.417000
0.321000
0.403000
0.414000
0.408000
0.381000
0.443000
0.403000
0.515000
0.436000
0.395000
0.453000
0.307000
0.297000
0.337000
0.362000
0.379000
0.316000
0.300000
0.303000
0.328000
0.342000
0.336000
0.333000
0.335000
0.415000
0.369000
0.332000
0.376000
0.396000
0.408000
0.356000
0.408000
0.378000
0.469000
0.361000
0.624000
0.433000
0.415000
0.605000
0.525000
0.398000
0.408000
0.361000
0.371000
0.417000
0.404000
0.386000
0.365000
0.400000
0.416000
0.372000
0.351000
0.385000
0.469000
0.599000
0.440000
0.424000
0.439000
0.433000
0.372000
0.398000
0.395000
0.362000
0.406000
0.453000
0.434000
0.377000
0.437000
0.477000
0.425000
0.461000
0.538000
0.665000
0.506000
0.578000
0.563000
0.484000
0.556000
0.845000
0.482000
0.528000
0.482000
0.683000
0.680000
0.419000
0.454000
0.461000
0.643000
0.576000
0.633000
0.637000
0.764000
0.559000
0.563000
0.695000
0.552000
0.521000
0.473000
0.534000
0.528000
0.441000
0.406000
0.469000
0.505000
0.411000
0.421000
0.464000
0.453000
0.429000
0.435000
0.421000
0.409000
0.476000
0.580000
0.619000
0.727000
0.677000
0.659000
0.633000
0.631000
0.594000
0.618000
0.595000
0.586000
0.551000
0.772000
0.665000
0.599000
0.554000
0.542000
0.554000
0.603000
0.573000
0.525000
0.587000
0.571000
0.646000
0.706000
0.651000
0.675000
0.671000
0.803000
0.729000
1.303000
0.773000
0.658000
0.687000
0.623000
0.783000
0.702000
0.726000
1.059000
0.869000
0.792000
0.831000
1.082000
0.931000
0.772000
0.630000
0.864000
0.806000
0.832000
0.919000
0.993000
0.848000
0.836000
0.932000
0.900000
0.846000
1.002000
0.947000
0.920000
0.923000
0.924000
0.879000
0.945000
1.029000
0.874000
0.961000
0.910000
0.960000
1.164000
1.182000
0.985000
0.974000
0.983000
0.924000
1.017000
1.262000
0.966000
1.156000
1.075000
0.978000
1.083000
1.061000
1.088000
1.030000
0.923000
1.102000
1.174000
1.207000
1.677000
1.197000
1.495000
1.266000
1.546000
1.314000
1.279000
1.285000
1.401000
1.407000
1.387000
1.365000
1.374000
1.356000
1.468000
1.479000
1.599000
1.597000
1.412000
1.609000
1.578000
2.006000
1.986000
1.667000
1.896000
2.329000
1.728000
1.839000
1.899000
1.910000
1.702000
1.805000
1.883000
1.769000
1.983000
1.903000
1.852000
1.970000
2.101000
2.230000
2.078000
2.473000
2.456000
2.450000
2.517000
2.686000
2.474000
2.875000
2.801000
2.796000
3.189000
2.996000
3.079000
2.802000
2.885000
3.041000
2.954000
3.170000
3.123000
3.227000
4.224000
4.334000
3.957000
4.202000
3.881000
3.793000
4.237000
3.914000
4.225000
5.213000
4.640000
5.259000
5.597000
6.247000
6.454000
6.203000
9.307000
9.295000
8.866000
11.854000
10.734000
11.822000
14.041000
14.776000
22.810000
35.344000
48.704000
