2286
2286
2266
2343
2259
2323
2356
2303
2303
2303
2303
2344
2362
2294
2294
2368
2541
2219
2219
2219
2219
2219
2241
2241
2241
2241
2241
2241
2292
2292
2292
2251
2251
2251
2251
2345
2250
2250
2238
2238
2238
2290
2290
2290
2290
2290
2290
2180
2180
2180
2180
2180
2180
2180
2180
2180
2180
2373
2373
2314
2314
2265
2265
2270
2270
2270
2345
2181
2181
2181
2240
2337
2337
2323
2323
2344
2273
2273
2310
2343
2343
2343
2277
2277
2342
2357
2360
2381
2336
2369
2369
2305
2218
2303
2303
2303
2303
2303
2303
2303
2303
2303
2303
2303
2303
2322
2306
2306
2314
2402
2276
2276
2276
2276
2276
2229
2229
2239
2403
2293
2293
2290
2367
2367
2359
2394
2325
2325
2325
2339
2293
2293
2353
2299
2357
2217
2217
2217
2217
2217
2217
2217
2217
2217
2356
2373
2249
2327
2388
2388
2314
2398
2278
2286
2286
2286
2286
2244
2244
2244
2244
2283
2283
2352
2402
2402
2297
2297
2297
2267
2267
2267
2307
2307
2307
2181
2181
2181
2181
2181
2181
2181
2181
2181
2181
2181
2181
2181
2181
2414
2194
2194
2309
2269
2263
2409
2268
2372
2429
2230
2290
2290
2290
2466
2334
2364
2333
2302
2320
2320
2391
2344
2226
2284
2284
2284
2246
2246
2246
2246
2246
2246
2441
2396
2322
2322
2322
2265
2265
2265
2265
2265
2316
2316
2222
2222
2222
2222
2298
2298
2298
2378
2380
2350
2350
2350
2350
2350
2372
2290
2356
2350
2396
2447
2390
2348
2258
2184
2184
2184
2184
2243
2394
2259
2210
2397
2351
2316
2407
2318
2308
2308
2308
2401
2401
2401
2401
2282
2282
2282
2282
2282
2282
2275
2275
2235
2235
2235
2496
2334
2391
2322
2322
2322
2322
2315
2328
2328
2293
2293
2393
2393
2251
2251
2251
2251
2251
2251
2251
2251
2335
2335
2350
2310
2245
2480
2371
2311
2346
2292
2292
2292
2364
2371
2371
2371
2383
2289
2372
2291
2291
2291
2327
2230
2230
2230
2230
2230
2230
2230
2230
2230
2230
2230
2230
2230
2230
2230
2230
2230
2230
2230
2230
2230
2278
2278
2360
2322
2230
2230
2230
2230
2230
2230
2230
2230
2230
2230
2335
2335
2317
2317
2316
2316
2259
2259
2259
2293
2298
2298
2298
2242
2242
2242
2242
2242
2242
2352
2352
2343
2343
2426
2424
2424
2270
2270
2270
2333
2292
2239
2239
2239
2326
2282
2282
2282
2282
2282
2282
2282
2358
2317
2317
2317
2200
2200
2200
2413
2413
2413
2323
2287
2287
2287
2287
2287
2300
2300
2300
2300
2346
2255
2255
2255
2255
2255
2255
2339
2339
2285
2285
2285
2285
2285
2285
2285
2402
2368
2368
2354
2337
2236
2236
2236
2318
2318
2318
2318
2272
2272
2272
2272
2337
2337
2356
2317
2317
2430
2430
2449
2332
2332
2332
2289
2289
2321
2321
2321
2321
2253
2316
2316
2364
10016
2336
2336
2336
2333
2317
2317
2275
2275
2290
2350
2287
2287
2317
2317
2320
2441
2441
2441
2441
2389
2277
2277
2277
2277
2277
2277
2460
2254
2254
2254
2254
2254
2361
2321
2321
2286
2286
2173
2173
2173
2173
2173
2173
2290
2290
2243
2243
2243
2270
2270
2270
2270
2270
2270
2260
2260
2260
2260
2260
2330
2330
2330
2330
2364
2386
2312
2312
2312
2312
2333
2291
2291
2291
2400
2400
2430
2358
2285
2306
2306
2306
2306
2306
2306
2318
2354
2294
2294
2294
2294
2294
2439
2341
2348
2340
2347
2291
2291
2291
2291
2291
2291
2291
2291
2291
2271
2271
2271
2271
2314
2209
2209
2209
2209
2209
2209
2209
2209
2209
2209
2296
2363
2287
2287
2287
2287
2287
2287
2287
2287
2287
2287
2287
2287
2275
2166
2166
2166
2166
2166
2166
2166
2344
2344
2344
2416
2293
2322
2296
2296
2381
2229
2368
2445
2341
2341
2341
2276
2276
2276
2276
2292
2292
2292
2292
2249
2249
2249
2375
2375
2437
2394
2425
2425
2382
2303
2304
2304
2304
2326
2320
2365
2280
2280
2335
2335
2343
2343
2275
2275
2275
2279
2279
2279
2279
2279
2279
2279
2279
2279
2404
2404
2404
2404
2313
2313
2288
2230
2230
2230
2230
2230
2309
2318
2318
2318
2339
2339
2339
2267
2267
2302
2362
2410
2389
2389
2389
2389
2389
2269
2269
2363
2363
2328
2328
2328
2330
2222
2222
2222
2222
2222
2222
2222
2222
2222
2288
2288
2303
2303
2303
2303
2308
2308
2342
2342
2319
2306
2306
2306
2306
2306
2306
2363
2330
2225
2249
2365
2274
2274
2283
2282
2282
2386
2352
2282
2282
2282
2379
2393
2289
2289
2232
2232
2232
2247
2247
2386
2253
2253
2253
2269
2215
2215
2215
2215
2215
2215
2215
2215
2215
2338
2338
2338
2338
2338
2262
2241
2241
2241
2241
2348
2306
2481
2416
2398
2308
2308
2299
2299
2325
2293
2293
2293
2293
2323
2289
2325
2325
2245
2245
2353
2408
2334
2217
2312
2312
2266
2208
2208
2208
2208
2208
2208
2321
2248
2213
2213
2256
2256
2256
2375
2297
2297
2297
2297
2264
2264
2264
2264
2264
2264
2264
2299
2299
2299
2362
2362
2259
2259
2259
2391
2223
2223
2353
2308
2295
2295
2230
2242
2368
2368
2334
2250
2217
2217
2335
2257
2257
2257
2257
2257
2271
2271
2271
2271
2271
2388
2318
2221
2221
2221
2221
2221
2221
2259
2221
2221
2221
2221
2221
2221
2221
2228
2228
2228
2228
2228
2344
2344
2302
2302
2190
2190
2190
2190
2190
2190
2459
2286
2248
2248
2248
2292
2292
2292
2397
2397
2347
2319
2319
2243
2243
2243
2243
2243
2243
2243
2243
2243
2380
2354
2354
2354
2398
2313
2348
2310
2292
2292
2280
2280
2280
2198
2198
2198
2198
2302
2302
2168
2168
2168
2168
2168
2168
2168
2378
2378
2370
2325
2265
2326
2363
2375
2311
2305
2273
2197
2197
2197
2197
2197
2197
2197
2331
2268
2268
2268
2268
2268
2268
2268
2303
2303
2303
2303
2303
2303
2275
2275
2275
2275
2480
2292
2380
2307
2307
2307
2307
2301
2301
2198
2198
2198
2212
2226
2226
2226
2316
2316
2446
2473
2258
2288
2288
2288
2288
2299
2299
2299
2424
2447
2498
2277
2277
2277
2277
2277
2277
2420
2370
2206
2206
2206
2206
2206
2206
2452
2296
2296
2275
2275
2275
2400
2400
2400
2282
2282
2282
2282
2282
2282
2282
2282
2388
2250
2250
2410
2220
2220
2220
2220
2220
2220
2329
2329
2329
2329
2329
2365
2365
2365
2336
2271
2271
2271
2395
2313
2313
2313
2313
2313
2313
2241
2241
2241
2241
2241
2241
2241
2241
2426
2338
2453
2297
2297
2296
2296
2296
2296
2296
2296
2296
2296
2359
2203
2203
2203
2409
2320
2320
2386
2386
2399
2366
2366
2393
2395
2320
2320
2315
2210
2210
2210
2210
2210
2210
2210
2210
2210
2210
2210
2210
2329
2368
2368
2219
2451
2459
2280
2295
2295
2295
2295
2316
2230
2230
2230
2314
2289
2289
2289
2314
2314
2251
2251
2251
2251
2416
2221
2221
2221
2221
2221
2221
2221
2272
2272
2272
2323
2488
2420
2529
2362
2323
2313
2313
2313
2360
2405
2386
2312
2475
2369
2339
2446
2441
2292
2354
2354
2360
2360
2445
2208
2208
2208
2208
2208
2456
2281
2281
2281
2355
2480
2312
2252
2252
2252
2252
2252
2137
2299
2299
2200
2200
2200
2200
2200
2200
2378
2334
2334
2224
2224
2224
2347
2249
2249
2249
2249
2249
2308
2308
2308
2302
2327
2364
2364
2379
2379
2351
2374
2374
2374
2271
2199
2199
2342
2342
2312
2200
2292
2520
2301
2301
2301
2324
2324
2322
2322
2405
2460
2332
2332
2370
2312
2288
2288
2282
2314
2234
2234
2323
2323
2290
2328
2301
2307
2307
2341
2186
2186
2186
2219
2219
2219
2219
2209
2209
2209
2209
2209
2209
2209
2209
2209
2209
2338
2240
2361
2280
2258
2321
2403
2403
2332
2346
2237
2405
2242
2292
2403
2336
2253
2253
2253
2315
2315
2358
2382
2288
2288
2288
2368
2368
2235
2235
2235
2235
2235
2235
2235
2305
2451
2451
2361
2334
2334
2229
2229
2229
2319
2215
2219
2219
2255
2255
2255
2343
2343
2343
2343
2422
2434
2434
2434
2278
2246
2246
2246
2246
2246
2294
2295
2295
2262
2314
2314
2314
2314
2314
2419
2300
2300
2304
2197
2197
2197
2197
2197
2197
2197
2197
2197
2197
2197
2197
2245
2245
2245
2245
2245
2371
2371
2372
2163
2354
2435
2314
2296
2296
2421
2317
2291
10031
2200
2200
2200
2200
2367
2367
2367
2137
2137
2137
2137
2137
2243
2532
2301
2321
2321
2385
2385
2385
2325
2325
2325
2325
2325
2225
2225
2225
2225
2225
2225
2225
2225
2225
2225
2276
2319
2319
2427
2273
2273
2273
2273
2273
2273
2273
2273
2228
2228
2250
2250
2250
2250
2286
2286
2286
2249
2249
2249
2249
2249
2313
2313
2313
2297
2297
2297
2304
2304
2304
2338
2384
2243
2243
2379
2368
2221
2221
2316
2462
2336
2275
2275
2275
2305
2413
2398
2395
2465
2290
2290
2290
2290
2290
2290
2290
2260
2260
2260
2260
2228
2228
2279
2279
2279
2279
2279
2308
2179
2179
2179
2179
2179
2179
2179
2179
2179
2179
2321
2463
2392
2350
2511
2406
2391
2302
2234
2365
2421
2475
2341
2205
2291
2291
2291
2291
2272
2272
2134
2134
2134
2134
2134
2134
2134
2134
2134
2134
2134
2134
2134
2134
2364
2243
2330
2274
2274
2304
2304
2304
2474
2221
2221
2228
2228
2228
2228
2224
2224
2308
2393
2393
2292
2292
2319
2319
2500
2401
2303
2221
2334
2334
2422
2329
2387
2348
2359
2469
2238
2238
2298
2298
2204
2242
2350
2350
2350
2499
2302
2302
2323
2323
2323
2482
2363
2363
2363
2363
2205
2205
2205
2210
2210
2210
2210
2210
2210
2210
2210
2210
2210
2210
2210
2210
2210
2210
2210
2210
2210
2210
2210
2210
2260
2260
2479
2266
2394
2319
2283
2283
2283
2324
2324
2380
2218
2360
2360
2360
2504
2476
2425
2175
2175
2175
2175
2175
2175
2461
2394
2353
2331
2300
2300
2300
2300
2300
2373
2367
2367
2362
2284
2284
2315
2315
2315
2301
2301
2354
2449
2390
2269
2269
2269
2482
2333
2333
2333
2345
2333
2333
2333
2333
2373
2373
2373
2318
2318
2346
2346
2346
2357
2351
2351
2351
2351
2306
2306
2386
2356
2356
2356
2353
2390
2390
2360
2357
2255
2255
2358
2358
2251
2251
2141
2141
2231
2231
2231
2231
2231
2231
2231
2326
2326
2329
2362
2370
2428
2480
2265
2265
2265
2265
2265
2368
2368
2351
2450
2424
2368
2368
2275
2355
2331
2331
2359
2343
2287
2354
2232
2232
2303
2303
2343
2434
2325
2325
2307
2291
2385
2242
2242
2271
2271
2152
2152
2152
2152
2152
2327
2327
2347
2347
2347
2347
2347
2347
2416
2416
2277
2277
2277
2277
2277
2277
2277
2277
2277
2390
2336
2336
2389
2327
2361
2266
2412
2359
2323
2323
2264
2264
2351
2293
2293
2460
2348
2348
2369
2390
2360
2360
2316
2343
2343
2343
2361
2310
2310
2370
2267
2388
2388
2324
2324
2324
2324
2299
2408
2347
2347
2324
2299
2299
2229
2315
2294
2293
2332
2449
2440
2361
2321
2321
2405
2499
2256
2256
2256
2365
2365
2278
2278
2333
2356
2364
2368
2368
2368
2374
2374
2374
2264
2264
2264
2251
2349
2349
2299
2357
2357
2339
2332
2414
2342
2450
2203
2203
2203
2334
2334
2334
2298
2298
2448
2147
2147
2147
2147
2147
2147
2147
2147
2147
2147
2147
2147
2147
2147
2147
2147
2147
2147
2147
2147
2147
2147
2339
2339
2303
2303
2303
2243
2243
2243
2243
2194
2194
2314
2427
2437
2295
2295
2446
2238
2297
2334
2334
2335
2348
2348
2341
2341
2301
2301
2301
2270
2270
2372
2381
2342
2342
2342
2319
2345
2345
2345
2409
2321
2272
2272
2272
2184
2184
2184
2184
2184
2184
2184
2231
2274
2344
2344
2344
2344
2344
2339
2459
2397
2371
2428
2257
2257
2224
2374
2386
2386
2296
2318
2319
2303
10151
